0.066124275 
0.07239491 
0.077919126 
0.0802005 
0.082558244 
0.097404115 
0.09396212 
0.082539685 
0.09089072 
0.089952104 
0.05326995 
0.08213525 
0.065045714 
0.0848319 
0.083607204 
0.07617464 
0.074781105 
0.08928622 
0.080450974 
0.10068657 
0.089167155 
0.025185185 
0.08064846 
0.08767014 
0.09512496 
0.118875876 
0.09261456 
0.07490832 
0.10349899 
0.09125116 
0.059429824 
0.090519026 
0.09057135 
0.055652894 
0.08491141 
0.10042607 
0.053204842 
0.06393527 
0.10348052 
0.0736 
0.089892514 
0.06806182 
0.09496053 
0.09759761 
0.09774732 
0.054146826 
0.098920375 
0.083758 
0.089598484 
0.09189318 
0.10967689 
0.07544351 
0.093162395 
0.08446101 
0.11171733 
0.08448375 
0.063277684 
0.053367138 
0.05811966 
0.092530124 
0.07162486 
0.04294054 
0.07078175 
0.05344585 
0.08421281 
0.068022646 
0.095806554 
0.07825596 
0.09261575 
0.06635258 
0.08088561 
0.046273313 
0.06598371 
0.07365874 
0.06718615 
0.074157305 
0.059531093 
0.10175262 
0.09339308 
0.061068702 
0.083392285 
0.07252956 
0.08331256 
0.09162527 
0.05060241 
0.053740013 
0.07950282 
0.005949657 
0.10362812 
0.08070274 
0.07395923 
0.11488259 
0.09015038 
0.06866667 
0.1025799 
0.07 
0.07411989 
0.053333335 
0.03492771 
0.07388367 
0.06642927 
0.06043956 
0.077385694 
0.016168416 
0.0773432 
0.08732943 
0.09856026 
0.055520806 
0.054027494 
0.051001772 
0.054014597 
0.058843452 
0.0978425 
0.038709678 
0.07209164 
0.083885536 
0.07937699 
0.08374734 
0.071512766 
0.09342676 
0.08301405 
0.10458236 
0.089273095 
0.06160616 
0.078888886 
0.089876465 
0.09253491 
0.087238096 
0.050943397 
0.07495142 
0.090974085 
0.02945207 
0.10184273 
0.0061599445 
0.09597854 
0.09337118 
0.0 
0.06723873 
0.037956204 
0.108230755 
0.07844448 
0.06875 
0.068600565 
0.09120501 
0.06629285 
0.08521208 
0.05146296 
0.09288261 
0.048 
0.08324997 
0.11041396 
0.08050314 
0.06547085 
0.071075834 
0.08077652 
0.096070886 
0.0981211 
0.095129706 
0.094661236 
0.067681976 
0.08017241 
0.08473221 
0.10915202 
0.08734332 
0.076298214 
0.07481481 
0.10012702 
0.09516559 
0.08272028 
0.071734205 
0.04 
0.060600255 
0.08684212 
0.054922853 
0.08130494 
0.089286104 
0.089585215 
0.09741135 
0.05753663 
0.0950599 
0.0013289036 
0.10401925 
0.0837686 
0.07126504 
0.08875499 
0.09267658 
0.093055554 
0.08094105 
0.06458224 
0.08142491 
0.09828905 
0.080778 
0.07295325 
0.09210567 
0.090288624 
0.09515442 
0.097379215 
0.06566304 
0.06929531 
0.09775503 
0.046863906 
0.046546545 
0.09018622 
0.06656096 
0.07385965 
0.08477821 
0.050002646 
0.07228368 
0.09635193 
0.097129405 
0.07791204 
0.05744711 
0.10412188 
0.06576209 
0.09736809 
0.0654321 
0.075381264 
0.09504989 
0.06200626 
0.08427397 
0.09205951 
0.06598839 
0.09668488 
0.095528334 
0.046363637 
0.05974647 
0.07705647 
0.09430175 
0.09902167 
0.1002582 
0.06491366 
0.052985076 
0.047169812 
0.07541922 
0.081784345 
0.030303031 
0.07449495 
0.06794935 
0.0757485 
0.08470057 
0.047490686 
0.10041554 
0.074074075 
0.11575628 
0.08133938 
0.08959077 
0.07691635 
0.054420363 
0.1153909 
0.08200468 
0.09597515 
0.06676492 
0.08501998 
0.076768525 
0.086691394 
0.0895245 
0.08661091 
0.061827708 
0.10367256 
0.047311828 
0.08722694 
0.0352 
0.06648427 
0.078987874 
0.06469636 
0.087874524 
0.067172825 
0.055606753 
