0.1113389 0.10651213 
0.12044251 0.114549145 
0.112620234 0.1080855 
0.11168755 0.1142628 
0.11098149 0.108224444 
0.12122371 0.106896326 
0.105113626 0.11109924 
0.11127177 0.10551837 
0.10959254 0.10546935 
0.10971228 0.11105561 
0.104208216 0.112005554 
0.11056331 0.10887055 
0.11027713 0.11393415 
0.10764888 0.106439866 
0.107768126 0.10921161 
0.11442151 0.104742624 
0.10249003 0.11086283 
0.10627875 0.110883795 
0.11240915 0.107791804 
0.11189319 0.11179716 
0.10805026 0.109906845 
0.11292493 0.11220656 
0.108674265 0.11126189 
