0.11265385 0.10570952 
0.10680832 0.11091247 
0.10880371 0.10875375 
0.104007475 0.11413895 
0.10581101 0.11071201 
0.10461735 0.10671273 
0.104259215 0.10771087 
0.1049298 0.10090163 
0.10404039 0.105402395 
0.11229999 0.10680509 
0.10524693 0.11117833 
0.1075486 0.106665805 
0.10497874 0.10604098 
0.10586221 0.10710942 
0.10400284 0.113247216 
0.10089027 0.103022434 
0.1076725 0.10782483 
0.114 0.106584914 
0.101707146 0.10782126 
0.10455786 0.100675955 
0.10453406 0.10655898 
0.11204845 0.10887522 
0.10625516 0.10792324 
