0.04266322 
0.003868472 
0.00037488286 
0.02173913 
0.040268455 
0.034355827 
0.0 
0.0012845215 
0.04786325 
0.007865168 
0.0088495575 
0.0 
0.0 
0.014115357 
0.019010706 
0.01 
0.0 
0.028378379 
0.0 
0.0 
0.0 
0.0 
0.0 
0.0 
0.017021276 
0.002793296 
0.0 
0.006411524 
0.0 
0.0 
0.00921659 
0.041666668 
0.0014880953 
0.0 
0.0 
0.0 
0.024291499 
0.012048192 
0.0 
0.0 
0.0036749425 
0.0 
0.0 
0.018478261 
0.0 
0.0 
0.0003003003 
0.035443038 
0.0 
0.021327015 
0.0 
0.0 
0.0078523755 
0.068432674 
0.02016383 
0.0074147307 
0.0 
0.0 
0.0 
0.0 
0.00028818444 
0.0 
0.028011205 
0.0014306152 
0.0 
0.013227513 
0.0 
0.002469136 
0.018769551 
