0.108025245 0.1088425 
0.11110637 0.11568067 
0.103407755 0.10904355 
0.10424038 0.11295653 
0.11078833 0.11174862 
0.12394658 0.10531942 
0.10842538 0.109258264 
0.102471314 0.10061854 
0.105176 0.108606465 
0.11339866 0.10534874 
0.101394914 0.11006163 
0.10421488 0.10768419 
0.104500175 0.10900629 
0.107995816 0.10497357 
0.1071118 0.1094205 
0.109660104 0.107509166 
0.10915536 0.11447905 
0.11190486 0.110360205 
0.10819329 0.112729706 
0.104501195 0.10267494 
0.103886865 0.1089275 
0.11496765 0.11105688 
0.10616702 0.11568189 
