0.024004498 
0.08125732 
0.026674487 
0.0056980057 
0.03392094 
0.0 
0.0 
0.1109864 
0.013578973 
0.014329063 
0.035266362 
0.07565012 
0.045371294 
0.022656303 
0.11505929 
0.0031948881 
0.093684785 
0.018760469 
0.008761683 
0.0071186586 
0.0084449565 
0.114725776 
0.00027777778 
0.008536883 
0.0 
0.10797608 
0.014828666 
0.038621508 
0.11617919 
0.01365219 
0.09654176 
0.0016298363 
0.11514939 
0.10085583 
0.058587257 
0.13084261 
0.01831502 
0.0 
0.13210829 
0.12256939 
0.01684253 
0.04484958 
0.08250088 
0.010318949 
0.0055682934 
0.10617934 
0.0 
0.102528274 
0.040848717 
0.007905139 
0.114756346 
0.010416667 
0.11719496 
0.08175151 
0.0032887976 
0.011081081 
0.11236205 
0.0061239195 
0.10364589 
0.0 
0.020489471 
0.04105526 
0.07586823 
0.04029304 
0.064843886 
0.019680358 
0.040849674 
0.10297649 
0.0 
0.068246186 
0.0043572984 
0.090876564 
0.0 
0.07997966 
0.026159609 
0.10704185 
0.113477126 
0.044155844 
0.015657293 
0.035555556 
0.053415168 
0.0 
0.0 
0.040800024 
0.10606652 
0.21745656 
0.049411163 
0.005455165 
0.10123249 
0.0064482656 
0.025703464 
0.006802721 
0.11469874 
0.0 
0.08308842 
0.06728395 
0.085783385 
0.10973118 
0.030425573 
0.07683201 
0.017631164 
0.0 
0.0098020965 
0.0 
0.08554716 
0.13088512 
0.03882353 
0.12207529 
0.10109313 
0.12192528 
0.0 
0.030234631 
0.08843064 
0.022727273 
0.102242194 
0.10320922 
0.024869664 
0.029180942 
0.049106244 
0.0 
0.115116715 
0.012820513 
0.0032750645 
0.056221887 
0.08425121 
0.111892074 
0.02417795 
0.010526316 
0.057030074 
0.12188806 
0.004326704 
0.0 
0.004518332 
0.04105859 
0.017685812 
0.0150647545 
0.0 
0.021428572 
0.06285714 
0.08424139 
0.02874378 
0.022028986 
0.1298927 
0.097879834 
0.0 
0.13463041 
0.024615385 
0.0 
0.0054945056 
0.0 
0.095177665 
0.094236486 
0.048825875 
0.004310345 
0.015738958 
0.01212938 
0.0740458 
0.0055487887 
0.04798047 
0.14393386 
0.044354837 
0.1308569 
0.012035125 
0.017169561 
0.07883684 
0.15759394 
0.08236829 
0.0445612 
0.056342527 
0.0060975607 
0.027906977 
0.13179189 
0.015899548 
0.0 
0.010062893 
0.049656287 
0.020459386 
0.0095897205 
0.032273788 
0.0 
0.013781162 
0.04791325 
0.069383994 
0.0004589261 
0.09906179 
0.0028776978 
0.0 
0.022741573 
0.023624955 
0.016449561 
0.078781486 
0.01900503 
0.02485763 
0.0116959065 
0.00022234574 
0.012754524 
0.080130115 
0.017949624 
0.09006568 
0.013373255 
0.060238987 
0.12920037 
0.012976832 
0.013559322 
0.027874565 
0.07976155 
0.08515177 
0.06704237 
0.06924183 
0.0029498525 
0.004127967 
0.0 
0.006463527 
0.10493818 
0.031519275 
0.09293713 
0.11501447 
0.102772616 
0.11744178 
0.09627137 
0.024201257 
0.09105979 
0.00998004 
0.017144335 
0.042451087 
0.016663577 
0.0 
0.08899593 
0.0057526366 
0.0014084507 
0.09414462 
0.06987127 
0.025641026 
0.09095712 
0.0821898 
0.03527337 
0.11659091 
0.1129314 
0.10975938 
0.09475525 
0.1378881 
0.009177514 
0.020300752 
0.105386466 
0.023987208 
0.13212498 
0.082905404 
0.091120034 
0.002072539 
0.11603636 
0.024844721 
0.11988718 
0.120243154 
0.16684063 
0.003539823 
0.08252501 
0.09772009 
0.002754821 
0.001258099 
0.12732236 
6.351021e-05 
0.0062111802 
0.015553611 
0.017395448 
0.094551444 
0.078999445 
0.017492712 
0.0041189613 
