0.0 
0.15458477 
0.17044482 
0.01843318 
0.0 
0.0 
0.14468086 
0.1810652 
0.0 
0.1385621 
0.0 
0.0 
0.0 
0.0 
0.06837607 
0.0 
0.16808511 
0.0 
0.0 
0.0 
0.1645977 
0.052884616 
0.014336918 
0.0 
0.0 
0.14319809 
0.19945046 
0.062189054 
0.0 
0.028985508 
0.0 
0.0 
0.07706836 
0.14179105 
0.0 
0.075 
0.0 
0.0 
0.0 
0.025316456 
0.101146184 
0.08 
0.020257827 
0.0 
0.14255786 
0.17748344 
0.12807545 
0.0 
0.028947368 
0.016260162 
0.22784758 
0.0 
0.058230136 
0.0 
0.0 
0.0 
0.0 
0.15816018 
0.0 
0.026455026 
0.1702328 
0.0 
0.0 
0.02259887 
0.15757576 
0.0 
0.0 
0.16907355 
0.0 
