0.009867927 0.091945276 
0.032537185 0.081107855 
0.012458999 0.10149135 
0.03963876 0.09543879 
0.0077023073 0.10168067 
0.0075666537 0.10861603 
0.0025131907 0.08507509 
0.002064856 0.09583003 
0.004929072 0.090602 
0.012195324 0.10646534 
0.017761294 0.08707959 
0.013050149 0.09634601 
0.008044709 0.09645136 
0.031754244 0.097475216 
0.0024178296 0.08635794 
0.009131383 0.11004184 
0.0065203 0.08711979 
0.03489565 0.100168034 
0.021769533 0.0963835 
0.019488646 0.09364758 
0.008831845 0.08726186 
0.0075822216 0.08617464 
0.0038729352 0.09576291 
