0.18528588 0.17860502 
0.17720416 0.17958966 
0.17876057 0.18028718 
0.17327252 0.18120605 
0.1850371 0.17918281 
0.1774798 0.17648593 
0.17230545 0.18576916 
0.17657523 0.1675766 
0.17809682 0.1739214 
0.19017532 0.17947656 
0.17035522 0.1779432 
0.17770658 0.17653821 
0.17339088 0.17654602 
0.17711677 0.1805597 
0.17149638 0.17670104 
0.16969639 0.17227422 
0.18594411 0.17783181 
0.17645219 0.18139492 
0.16846848 0.18153372 
0.17188986 0.16689797 
0.17177093 0.17986687 
0.18092296 0.17724338 
0.17593616 0.1746707 
