0.083110236 
0.0818238 
0.10920213 
0.13531353 
0.08095238 
0.09476057 
0.10779031 
0.13408521 
0.09751854 
0.09782958 
0.09904628 
0.09018692 
0.10354162 
0.101984665 
0.12734292 
0.09371483 
0.08752496 
0.08476345 
0.084102206 
0.100209415 
0.09767392 
0.063079774 
0.09150982 
0.109871425 
0.09536871 
0.1045767 
0.08927065 
0.09422263 
0.11393699 
0.093919136 
0.12709145 
0.084601454 
0.101457216 
0.091969095 
0.10348216 
0.12729844 
0.10459482 
0.08187611 
0.15355805 
0.14263566 
0.103570044 
0.091685496 
0.12060157 
0.101422004 
0.09781144 
0.10217134 
0.11165048 
0.090533674 
0.09720109 
0.09161714 
0.13090737 
0.10198946 
0.12464912 
0.096224144 
0.09750379 
0.08826336 
0.08981132 
0.05799252 
0.085505806 
0.0913006 
0.08810002 
0.06494953 
0.11530863 
0.115384616 
0.08445001 
0.09621191 
0.12698413 
0.08775401 
0.114416815 
0.08559671 
0.084709056 
0.05939394 
0.11122312 
0.08068043 
0.13023509 
0.1621396 
0.08013947 
0.1300813 
0.089301504 
0.11666667 
0.11892633 
0.07448735 
0.113821894 
0.10063417 
0.10146862 
0.087830685 
0.08655204 
0.0050380654 
0.11528497 
0.08860999 
0.10194152 
0.1453912 
0.12895617 
0.08644836 
0.11309524 
0.11207311 
0.07546738 
0.14197531 
0.039761845 
0.10078999 
0.08077424 
0.12021858 
0.08717607 
0.019635495 
0.10810703 
0.11785714 
0.12553252 
0.069161266 
0.107275136 
0.06979187 
0.12058157 
0.09079233 
0.15577342 
0.075630255 
0.098074116 
0.15682995 
0.096546166 
0.10642857 
0.12258701 
0.100877196 
0.12114286 
0.11794872 
0.09917868 
0.12839507 
0.14583333 
0.108331725 
0.112503715 
0.15458937 
0.0931475 
0.114918865 
0.09842686 
0.032633066 
0.10385244 
0.009353351 
0.102804415 
0.10450088 
0.0 
0.13311556 
0.062990196 
0.09196084 
0.11231553 
0.089673914 
0.12872604 
0.11969112 
0.14253563 
0.11414963 
0.073275864 
0.09772809 
0.10550523 
0.0847619 
0.13192546 
0.2006335 
0.12804878 
0.11177407 
0.109649524 
0.096196935 
0.09876543 
0.09662724 
0.1323819 
0.107168004 
0.11798152 
0.14655173 
0.09577177 
0.09890094 
0.13554452 
0.12671924 
0.1355912 
0.13027877 
0.109141104 
0.08436685 
0.0882353 
0.116405435 
0.09584301 
0.06715835 
0.092152216 
0.08982435 
0.089500934 
0.10725135 
0.08189625 
0.13295615 
0.0050177574 
0.10645723 
0.1231079 
0.091900334 
0.10897495 
0.10216792 
0.15642531 
0.10239345 
0.11556525 
0.09573784 
0.088726655 
0.088509366 
0.078313366 
0.13867989 
0.094330974 
0.10112657 
0.08112058 
0.110139795 
0.09194195 
0.089688025 
0.09165958 
0.1068976 
0.106252015 
0.13183007 
0.15912698 
0.1388889 
0.07230329 
0.095242865 
0.11713585 
0.08949456 
0.087275825 
0.07220364 
0.10552341 
0.103975534 
0.1785822 
0.09137931 
0.12428034 
0.121945076 
0.08198843 
0.097254 
0.13158406 
0.100306146 
0.11124402 
0.13597788 
0.11805094 
0.08632512 
0.11684982 
0.100373216 
0.1 
0.12349023 
0.09055379 
0.08162713 
0.10812571 
0.114829965 
0.10260213 
0.056818184 
0.100893304 
0.15175122 
0.10959945 
0.12688312 
0.07916429 
0.11743773 
0.15168332 
0.109742746 
0.09006113 
0.13072407 
0.09736842 
0.081807084 
0.11692702 
0.117831856 
0.1070747 
0.104534484 
0.13006593 
0.10510347 
0.08957066 
0.114543356 
0.11431592 
0.08291404 
0.10124959 
0.09869065 
0.08942528 
0.11464053 
0.08085272 
0.0876683 
0.09405002 
0.11047334 
0.07078298 
0.051968623 
