0.014659686 
0.091102086 
0.10780631 
0.02087117 
0.0031007752 
0.0 
0.0 
0.064592615 
0.005602241 
0.08888889 
0.00295858 
0.0033898305 
0.034741785 
0.0 
0.07472101 
0.027373824 
0.0 
0.0029411765 
0.0 
0.012048192 
0.08027211 
0.003773585 
0.009302326 
0.023875115 
0.0 
0.09671148 
0.09901337 
0.0 
0.026180169 
0.035897437 
0.0015485869 
0.0 
0.020348325 
0.10188953 
0.0 
0.02882883 
0.003968254 
0.0 
0.01205857 
0.0121951215 
0.061817795 
0.00051020406 
0.0060126013 
0.0054545454 
0.09127921 
0.087750554 
0.07706482 
0.006849315 
0.0 
0.0060150377 
0.116214424 
0.0020408162 
0.08503788 
0.0050125313 
0.0 
0.0012631047 
0.0325 
0.032089148 
0.0058479533 
0.08796296 
0.103228055 
0.0 
0.005249344 
0.041614905 
0.09351351 
0.011843079 
0.11979245 
0.083809525 
0.0066964286 
