0.026352288 
0.002488106 
0.0014911463 
0.019873532 
0.022132797 
0.036585364 
0.0 
0.0023809525 
0.0 
0.033059105 
0.011560693 
0.025396826 
0.0 
0.017286915 
0.005925926 
0.0 
0.0 
0.015037594 
0.0 
0.0 
0.02364532 
0.0 
0.0 
0.0 
0.013254787 
0.0 
0.0 
0.0027586208 
0.0 
0.0 
0.033898305 
0.024242423 
0.0 
0.0 
0.0 
0.0 
0.02494331 
0.012941176 
0.027568921 
0.031358887 
0.0 
0.0025445293 
0.0 
0.013793103 
0.0 
0.0 
0.00087591243 
0.056470588 
0.0 
0.035773523 
0.0 
0.0 
0.0050179213 
0.0035714286 
0.004473022 
0.0066388003 
0.0 
0.0 
0.0 
0.0 
0.0 
0.0 
0.04024145 
0.005807201 
0.006615776 
0.014102564 
0.0 
0.020353926 
0.008354219 
