0.004255319 
0.10086777 
0.09737486 
0.008917245 
0.006683375 
0.0 
0.07552448 
0.08350221 
0.0020408162 
0.08308699 
0.00060240965 
0.0021008404 
0.0044444446 
0.005565217 
0.017567568 
0.012658228 
0.05170068 
0.0014652015 
0.0 
0.0 
0.07649573 
0.01510989 
0.011184211 
0.061648745 
0.0021621622 
0.0868307 
0.09333253 
0.06708302 
0.071772106 
0.005076142 
0.0045289854 
0.0 
0.10585663 
0.10775236 
0.0025740026 
0.0175 
0.0018604652 
0.0 
0.0062015504 
0.02141901 
0.06547183 
0.016215675 
0.003201939 
0.0038095238 
0.089639924 
0.08736142 
0.078352176 
0.008333334 
0.007727273 
0.022857143 
0.10351263 
0.0 
0.047170084 
0.007079646 
0.0024390244 
0.00651341 
0.009090909 
0.10077097 
0.0033444816 
0.014942449 
0.096699044 
0.0 
0.0016129032 
0.011627418 
0.09913694 
0.004255319 
0.0017316018 
0.070350856 
0.004918033 
