0.064812005 
0.065668635 
0.074074075 
0.083088234 
0.064412236 
0.0968557 
0.09221148 
0.07936508 
0.10072369 
0.0922949 
0.056914948 
0.09099498 
0.05224194 
0.10610231 
0.078423604 
0.07417588 
0.09920264 
0.08064017 
0.0707349 
0.093911804 
0.09151379 
0.031746034 
0.082630366 
0.09205534 
0.08628514 
0.11373495 
0.09571432 
0.08267169 
0.08740931 
0.09134748 
0.05283019 
0.08102266 
0.09292069 
0.049725763 
0.08756464 
0.07580191 
0.042145025 
0.06354091 
0.073622406 
0.07825116 
0.08730974 
0.07044428 
0.08658183 
0.088508435 
0.099957556 
0.05245478 
0.12792297 
0.08739787 
0.10103709 
0.084617116 
0.10525756 
0.075563475 
0.079438776 
0.083517976 
0.09112493 
0.082615554 
0.05508009 
0.06258221 
0.05562099 
0.07665059 
0.06797235 
0.047171712 
0.06867806 
0.03959391 
0.084457405 
0.066944025 
0.08495575 
0.06322633 
0.08874854 
0.07728643 
0.09439665 
0.050867025 
0.058309738 
0.071817085 
0.053744495 
0.07904762 
0.06750958 
0.08 
0.08765562 
0.056338027 
0.08654076 
0.083105184 
0.082259916 
0.08774112 
0.07111111 
0.052370843 
0.0859337 
0.0004950495 
0.090446845 
0.08461517 
0.058490567 
0.11263884 
0.09382312 
0.077357724 
0.1101791 
0.05511811 
0.06466526 
0.06111111 
0.035655107 
0.079863146 
0.063314095 
0.047826085 
0.07042118 
0.018259667 
0.076977864 
0.08103131 
0.09390923 
0.054740254 
0.060006414 
0.0493241 
0.043786984 
0.054217506 
0.07575292 
0.041714285 
0.08187756 
0.08841099 
0.07669434 
0.087208316 
0.08705105 
0.07105263 
0.06691919 
0.06790123 
0.08831247 
0.05708461 
0.096211955 
0.09554112 
0.08545976 
0.07771429 
0.04778761 
0.068707414 
0.09374005 
0.03137725 
0.08796928 
0.009861971 
0.099282816 
0.09237335 
0.0 
0.056038648 
0.033333335 
0.11563855 
0.075567424 
0.051968504 
0.072506964 
0.08095115 
0.054166667 
0.09276997 
0.04855914 
0.08969946 
0.052493438 
0.04968998 
0.1331061 
0.10192901 
0.06212766 
0.053920865 
0.07896769 
0.094019406 
0.08807103 
0.092632085 
0.07033461 
0.06891698 
0.08362787 
0.089527026 
0.100153305 
0.08098974 
0.07798058 
0.07238095 
0.083075084 
0.07782375 
0.08015777 
0.06714686 
0.040384617 
0.052828424 
0.07787422 
0.04302986 
0.088261195 
0.08353473 
0.087105006 
0.091686584 
0.059031412 
0.06628769 
0.0013468013 
0.098093115 
0.08265789 
0.063953996 
0.07369 
0.09762561 
0.06526316 
0.08090606 
0.051064666 
0.0828082 
0.095326714 
0.07586147 
0.070138976 
0.092610836 
0.08314891 
0.096661724 
0.09273198 
0.07288787 
0.059775066 
0.098006874 
0.046666667 
0.058574714 
0.09708247 
0.0742449 
0.062564544 
0.08162609 
0.057305306 
0.07296296 
0.111465305 
0.08812545 
0.0717706 
0.057474285 
0.1010249 
0.062100455 
0.08047167 
0.059217878 
0.0941263 
0.09027622 
0.08941754 
0.07970627 
0.08583557 
0.067867935 
0.10632744 
0.085920274 
0.045535713 
0.043181818 
0.09295349 
0.08448246 
0.08907333 
0.10779918 
0.057164975 
0.051230367 
0.05715198 
0.074897826 
0.08939101 
0.02979339 
0.06346991 
0.08136727 
0.080889285 
0.105408266 
0.047439 
0.090858854 
0.084607646 
0.10544677 
0.07828429 
0.08113723 
0.0701282 
0.055907782 
0.11166685 
0.10918674 
0.05172414 
0.064689256 
0.10827346 
0.07191233 
0.08950275 
0.08530958 
0.091339365 
0.07071889 
0.1046313 
0.04668435 
0.08600851 
0.037037037 
0.0650393 
0.08605831 
0.068143725 
0.08897382 
0.04695827 
0.047290966 
