0.1055002 
0.10739936 
0.13698752 
0.13468266 
0.091644205 
0.16879211 
0.15756801 
0.11324042 
0.13484764 
0.15364036 
0.104166664 
0.13923058 
0.12969106 
0.13927518 
0.14027657 
0.1575419 
0.12250757 
0.11097615 
0.1278432 
0.1459074 
0.13452536 
0.072649576 
0.1572774 
0.13899253 
0.13672897 
0.14448462 
0.12453836 
0.1059156 
0.12849294 
0.13099438 
0.13913043 
0.099004485 
0.12508863 
0.1663577 
0.13823429 
0.13551208 
0.107590005 
0.16086864 
0.14478114 
0.13874266 
0.13792105 
0.12724526 
0.13570516 
0.1406809 
0.14733653 
0.107996516 
0.16155158 
0.128536 
0.14359646 
0.1417328 
0.11554622 
0.1320855 
0.13505669 
0.12742305 
0.1430677 
0.14169715 
0.11136226 
0.095442265 
0.11162591 
0.14157115 
0.119115226 
0.0899526 
0.14008859 
0.15993266 
0.11504643 
0.14793022 
0.114285715 
0.18135376 
0.14165746 
0.12865452 
0.12737256 
0.098057516 
0.15114306 
0.11371979 
0.12773417 
0.13508488 
0.119284905 
0.13157895 
0.12933178 
0.13926499 
0.15046021 
0.10197766 
0.16059323 
0.13318896 
0.12563026 
0.11436113 
0.11744764 
0.01190187 
0.13299471 
0.12863924 
0.15143529 
0.17009987 
0.14820893 
0.123080455 
0.13051146 
0.08695652 
0.10717641 
0.12960508 
0.014687663 
0.13913947 
0.119616725 
0.16603774 
0.12642477 
0.04967115 
0.15542582 
0.13253012 
0.15150093 
0.104092 
0.09933719 
0.13004899 
0.1010929 
0.11911623 
0.15246913 
0.11507028 
0.11715512 
0.1438926 
0.1445941 
0.12473884 
0.112471044 
0.11160714 
0.12315271 
0.113425925 
0.13203536 
0.11111111 
0.14583898 
0.1571192 
0.12976766 
0.16781496 
0.10465116 
0.1256934 
0.15650807 
0.0575283 
0.13562351 
0.0102666225 
0.15232466 
0.13369793 
0.00203666 
0.107407406 
0.11077835 
0.124277726 
0.13135871 
0.125 
0.15121034 
0.16197364 
0.18575758 
0.13292907 
0.1151184 
0.16499886 
0.11769636 
0.11593715 
0.14376672 
0.22423646 
0.13024282 
0.10415201 
0.16945955 
0.1447218 
0.13875043 
0.13835312 
0.13212268 
0.12704118 
0.14367756 
0.14600551 
0.13209267 
0.12504694 
0.1793457 
0.13662697 
0.128874 
0.1233648 
0.13916314 
0.11164719 
0.077922076 
0.09506818 
0.14108223 
0.09274564 
0.1386016 
0.15947968 
0.13848509 
0.13851517 
0.10934177 
0.15986395 
0.008130081 
0.13800842 
0.11264975 
0.11238635 
0.1404937 
0.14582409 
0.16548127 
0.16911905 
0.10034507 
0.13631897 
0.12285859 
0.1331029 
0.11892705 
0.18509302 
0.15558785 
0.1588786 
0.111540474 
0.10519408 
0.118309855 
0.12608673 
0.078891255 
0.11396825 
0.14142275 
0.18525149 
0.15555556 
0.14081313 
0.10185297 
0.11933186 
0.14116669 
0.12489093 
0.13046919 
0.1084252 
0.15421925 
0.1753291 
0.17888199 
0.16069135 
0.124327555 
0.12040464 
0.13013782 
0.13055177 
0.17555556 
0.10516934 
0.1558566 
0.13030149 
0.13604127 
0.11610487 
0.13464606 
0.16068146 
0.12899336 
0.14314388 
0.10125688 
0.1633048 
0.09398496 
0.15425006 
0.15760653 
0.06912442 
0.14897054 
0.15220739 
0.1565961 
0.14032702 
0.11640212 
0.13663293 
0.2 
0.1341108 
0.13460033 
0.14940539 
0.13 
0.17096247 
0.13051273 
0.14770895 
0.14192903 
0.19618618 
0.15804906 
0.11086194 
0.124048345 
0.16285561 
0.13379522 
0.117088206 
0.1468583 
0.11613476 
0.12343172 
0.07885305 
0.11000002 
0.12423614 
0.12372656 
0.16606995 
0.093923934 
0.08173056 
