0.0023894862 
0.096513726 
0.100559756 
0.0060732835 
0.014925373 
0.0037593986 
0.098101266 
0.084888935 
0.0072115385 
0.08428986 
0.0024242424 
0.0 
0.0074074073 
0.0010695187 
0.018219462 
0.0044444446 
0.08404256 
0.002189781 
0.0031496063 
0.0030864198 
0.08839506 
0.04177998 
0.02688541 
0.028571429 
0.0 
0.09876543 
0.096941374 
0.07992203 
0.093596056 
0.009708738 
0.001633987 
0.0028673834 
0.06454762 
0.0890625 
0.0 
0.030588236 
0.0 
0.0 
0.0032520324 
0.0 
0.052270718 
0.019301802 
0.010071799 
0.0009803922 
0.08065879 
0.0969163 
0.06957052 
0.0 
0.01923077 
0.027040994 
0.10739018 
0.0 
0.0424976 
0.002057613 
0.0063241106 
0.001011378 
0.0057142857 
0.08096307 
0.0006779661 
0.020833334 
0.101342626 
0.0 
0.011904762 
0.044339385 
0.09475066 
0.004255319 
0.0014556041 
0.091191225 
0.0 
