0.19336347 0.17658347 
0.18375507 0.1884281 
0.18834847 0.17273203 
0.17583756 0.19698277 
0.18378128 0.18293221 
0.17974012 0.18314578 
0.17076162 0.18675213 
0.17659628 0.17017287 
0.17370458 0.18055919 
0.18261825 0.17818654 
0.17175601 0.17421897 
0.17519888 0.1778411 
0.17640768 0.1799778 
0.17470852 0.18443522 
0.1780462 0.1873757 
0.17887089 0.17411481 
0.1772338 0.1898434 
0.17661491 0.18155207 
0.17090642 0.18446928 
0.17846134 0.17033328 
0.17714962 0.18204625 
0.17724426 0.18683273 
0.18585686 0.18280372 
