0.03207331 
0.016129032 
0.013888889 
0.0 
0.024054984 
0.0 
0.0 
0.092009686 
0.014995835 
0.019997844 
0.0069444445 
0.0029069767 
0.004032258 
0.025806451 
0.0021276595 
0.0 
0.036666665 
0.023941606 
0.0065820403 
0.009618306 
0.00829096 
0.05652054 
0.0 
0.005513308 
0.03234501 
0.02311111 
0.0014184397 
0.01746725 
0.097652264 
0.0152541455 
0.061939236 
0.0012690355 
0.03924023 
0.051854167 
0.015594222 
0.046797387 
0.02173913 
0.0 
0.01957143 
0.024577573 
0.011727912 
0.025103163 
0.0 
0.012150669 
0.003220612 
0.0045714285 
0.0 
0.028167462 
0.0037664783 
0.009615385 
0.009967663 
0.009569378 
0.050061338 
0.011522634 
0.0032513717 
0.0072927186 
0.028592652 
0.01711596 
0.035625 
0.0 
0.030135302 
0.043900684 
0.016691213 
0.0 
0.0027777778 
0.0 
0.0 
0.02238806 
0.0016393443 
0.0046296297 
0.017391304 
0.03208556 
0.0 
0.01798605 
0.0033333334 
0.029649595 
0.062448807 
0.0061728396 
0.017017016 
0.0 
0.010614772 
0.0 
0.0 
0.00044893377 
0.018329553 
0.05105402 
0.027690371 
0.0 
0.0125 
0.007619997 
0.0 
0.0 
0.007866274 
0.0 
0.0 
0.04918033 
0.048860632 
0.011363637 
0.022817101 
0.016545495 
0.024610652 
0.0 
0.015128768 
0.0 
0.027979275 
0.0 
0.003164557 
0.038141288 
0.025934186 
0.046758223 
0.0 
0.006554307 
0.034947537 
0.034146342 
0.017953321 
0.019050151 
0.034025148 
0.012635379 
0.04633859 
0.0 
0.031311154 
0.0 
0.0013392858 
0.0 
0.050314464 
0.0029069767 
0.026713124 
0.0 
0.020408163 
0.047354497 
0.0054033487 
0.0 
0.009777778 
0.041915905 
0.01465858 
0.005920663 
0.0 
0.0 
0.058524173 
0.0054393304 
0.0020661156 
0.0 
0.03276245 
0.013333334 
0.0 
0.032485876 
0.0 
0.0 
0.0 
0.0 
0.0 
0.0 
0.01904762 
0.008438818 
0.0 
0.009595327 
0.010950344 
0.0045714285 
0.012345679 
0.06435743 
0.0031746032 
0.050108932 
0.00025954476 
0.017011493 
0.0 
0.028673835 
0.036284357 
0.04597701 
0.008196721 
0.01848539 
0.061320756 
0.04044939 
0.010664683 
0.0 
0.0011848342 
0.0 
0.013130505 
0.0037400655 
0.03352892 
0.0 
0.049023453 
0.0186747 
0.008802751 
0.00028700582 
0.03402169 
0.002503129 
0.0 
0.0012755102 
0.035555556 
0.011547002 
0.0017391305 
0.025116613 
0.025958188 
0.0 
0.0 
0.018465174 
0.017332096 
0.027522936 
0.009708738 
0.003614647 
0.07078507 
0.009259259 
0.0029239766 
0.0 
0.0 
0.01803119 
0.013070297 
0.028350662 
0.018018018 
0.002910502 
0.0 
0.0 
0.00484503 
0.03258905 
0.02074074 
0.0 
0.0 
0.004192872 
0.017823916 
0.02116402 
0.0 
0.030752042 
0.0 
0.006908463 
0.0 
0.0 
0.0 
0.025601022 
0.0023923444 
0.0 
0.028306095 
0.021885298 
0.011904762 
0.013765979 
0.01904762 
0.04481793 
0.0074074073 
0.014236111 
0.030322634 
0.0046296297 
0.015060241 
0.0016096579 
0.0 
0.015720127 
0.02733789 
0.008810572 
0.013824885 
0.028673835 
0.006482319 
0.0105 
0.013157895 
0.00848218 
0.045882907 
0.038683254 
0.004484305 
0.006177606 
0.034753364 
0.0100334445 
0.0011549011 
0.02398949 
3.193256e-05 
0.0 
0.026742533 
0.018779343 
0.020325202 
0.0010735373 
0.030952381 
0.008856882 
