0.109690145 
0.10931765 
0.15656565 
0.13571271 
0.0867347 
0.15595832 
0.15895924 
0.11324042 
0.13804162 
0.13531676 
0.09977324 
0.13435651 
0.116228074 
0.11942476 
0.13026561 
0.1290271 
0.121297814 
0.12215194 
0.11770276 
0.14218916 
0.1318875 
0.06666667 
0.14752762 
0.1411856 
0.119086884 
0.13416778 
0.12731594 
0.109443955 
0.14338262 
0.13377914 
0.12142857 
0.119093716 
0.1274271 
0.15168793 
0.13505274 
0.12465878 
0.103001185 
0.120949715 
0.22078852 
0.14204066 
0.14200555 
0.11986119 
0.15639523 
0.14169374 
0.1385369 
0.11165831 
0.21826884 
0.1195567 
0.1352915 
0.13080052 
0.14359008 
0.13976413 
0.13998203 
0.12994812 
0.13993299 
0.13274103 
0.09747899 
0.09044439 
0.1021021 
0.12010919 
0.11699379 
0.08661235 
0.123414904 
0.10714286 
0.11543484 
0.13889757 
0.14002292 
0.14107142 
0.16881739 
0.10894142 
0.117851004 
0.08473617 
0.17551515 
0.12330771 
0.14358178 
0.1795663 
0.113203496 
0.12698413 
0.13784431 
0.11784512 
0.14898223 
0.10608829 
0.15998268 
0.13147172 
0.11467142 
0.09394339 
0.12566566 
0.03554275 
0.13107511 
0.12539074 
0.13156316 
0.19700535 
0.13823953 
0.12838443 
0.13240418 
0.09689866 
0.10216434 
0.1362773 
0.02842135 
0.11997884 
0.11235875 
0.14915255 
0.12611143 
0.03900462 
0.13217893 
0.13095239 
0.15665342 
0.10194278 
0.11090208 
0.10346958 
0.10451978 
0.13376483 
0.13580246 
0.10533049 
0.12273838 
0.15527625 
0.12224083 
0.1318019 
0.113414936 
0.10772834 
0.12114286 
0.12862669 
0.1345223 
0.13170731 
0.12307692 
0.160757 
0.122060254 
0.15238096 
0.123809524 
0.1260528 
0.13845173 
0.051043365 
0.13298012 
0.0056270505 
0.14219435 
0.13968714 
0.0 
0.16314936 
0.07239175 
0.13043237 
0.14335714 
0.11578947 
0.1291921 
0.16176927 
0.13178295 
0.14714374 
0.09770115 
0.15452814 
0.14140534 
0.034946237 
0.13459735 
0.22931297 
0.125 
0.096090525 
0.17146064 
0.13452898 
0.12836225 
0.13472174 
0.12832141 
0.108210474 
0.13658537 
0.1440678 
0.134877 
0.12506211 
0.15185706 
0.11767338 
0.12371585 
0.1356493 
0.13093506 
0.09837782 
0.07692308 
0.09922447 
0.13466606 
0.09606148 
0.11682226 
0.15971251 
0.12962641 
0.13536185 
0.111961134 
0.13295615 
0.0052083335 
0.14749727 
0.13542588 
0.13823777 
0.13775644 
0.14885573 
0.18018018 
0.14445047 
0.09146585 
0.13244036 
0.11773151 
0.1250575 
0.117062695 
0.15842491 
0.15206735 
0.14357808 
0.120433666 
0.108729884 
0.1135708 
0.13009821 
0.09138049 
0.13361073 
0.13907102 
0.16141637 
0.18300654 
0.12943262 
0.0949297 
0.1124885 
0.13734116 
0.11990666 
0.13955247 
0.10706354 
0.14709906 
0.14241558 
0.14671525 
0.14961685 
0.13989185 
0.12920204 
0.10877161 
0.12181906 
0.18843369 
0.11373475 
0.156345 
0.13415007 
0.1437136 
0.10804598 
0.13403697 
0.14631471 
0.11248594 
0.13827744 
0.10527588 
0.12598364 
0.10510154 
0.1605339 
0.1332615 
0.06593407 
0.14702524 
0.13882785 
0.1435587 
0.13380952 
0.100046314 
0.1318996 
0.15294118 
0.13946868 
0.12818174 
0.11724138 
0.118950434 
0.107837684 
0.12757201 
0.13637276 
0.14373897 
0.16055836 
0.132547 
0.10142526 
0.12123058 
0.15087695 
0.13212213 
0.12459729 
0.14319907 
0.09277807 
0.12646309 
0.08835341 
0.10877784 
0.12660618 
0.111751154 
0.12961893 
0.1029601 
0.0783358 
