0.07371327 
0.08724817 
0.1004579 
0.13598901 
0.10014728 
0.08630266 
0.11047759 
0.13439153 
0.09542009 
0.11049329 
0.081196584 
0.09660478 
0.09165882 
0.10298778 
0.09162069 
0.092250586 
0.091886096 
0.09632981 
0.09101092 
0.10014882 
0.09571161 
0.051829267 
0.090748906 
0.10318015 
0.09165357 
0.10104356 
0.089210376 
0.096762 
0.10474001 
0.090491556 
0.1190367 
0.08910296 
0.11208236 
0.15155229 
0.091450736 
0.0994296 
0.073235296 
0.09339578 
0.16432548 
0.13826318 
0.10040347 
0.0848411 
0.14064722 
0.09725264 
0.10277963 
0.099908285 
0.12605043 
0.085503675 
0.10974246 
0.09630428 
0.08247942 
0.08622777 
0.08539326 
0.08812121 
0.116083436 
0.08973278 
0.09038589 
0.06682936 
0.10850097 
0.12991193 
0.09951744 
0.061376452 
0.11285827 
0.1276813 
0.08378887 
0.10526316 
0.11111111 
0.14568983 
0.122947395 
0.11056685 
0.09989039 
0.06530612 
0.11248594 
0.08825554 
0.11334618 
0.10217605 
0.09693419 
0.116541356 
0.089681394 
0.11235955 
0.1368441 
0.0579526 
0.08636804 
0.097449474 
0.123172514 
0.077363186 
0.08373356 
0.0278074 
0.09837963 
0.088687636 
0.0946025 
0.17888232 
0.100184925 
0.08742138 
0.1107595 
0.07743363 
0.0686286 
0.103896104 
0.021015795 
0.09493264 
0.086410545 
0.12571429 
0.09840533 
0.022302158 
0.10009987 
0.12502582 
0.086626746 
0.07453159 
0.090149805 
0.102390274 
0.069910996 
0.08481081 
0.12781955 
0.12215321 
0.09039082 
0.12756352 
0.09170327 
0.091157526 
0.08809675 
0.104761906 
0.118258946 
0.09384776 
0.09009657 
0.17775264 
0.12903225 
0.11093752 
0.09723151 
0.146271 
0.12526123 
0.0900687 
0.108848356 
0.031207122 
0.09121069 
0.0044147815 
0.1055257 
0.104053766 
0.0 
0.15023847 
0.12073733 
0.08853154 
0.104285955 
0.09821428 
0.1318948 
0.13781375 
0.10448718 
0.102897145 
0.09323073 
0.09527901 
0.08939975 
0.07426784 
0.12675324 
0.2637915 
0.10622711 
0.09627433 
0.088263065 
0.105015896 
0.0972183 
0.09579648 
0.11653409 
0.113335036 
0.10221675 
0.16443652 
0.093736105 
0.094283774 
0.12021348 
0.11007591 
0.1070012 
0.11066151 
0.09128571 
0.06942965 
0.072916664 
0.088658705 
0.12080417 
0.05921371 
0.090195686 
0.11116152 
0.102201596 
0.108224034 
0.07291288 
0.104444444 
0.0048838784 
0.09831178 
0.09309117 
0.073296934 
0.106613316 
0.09776569 
0.112299465 
0.12774634 
0.06260581 
0.102126405 
0.084318765 
0.08297549 
0.08709573 
0.14337245 
0.09418256 
0.103358604 
0.075192526 
0.10107081 
0.07936508 
0.093921565 
0.07457894 
0.08223039 
0.12174286 
0.12657043 
0.19821747 
0.10057471 
0.08146396 
0.07691155 
0.12278902 
0.090842955 
0.08915268 
0.0929177 
0.10738789 
0.164446 
0.16273727 
0.19870448 
0.09550046 
0.10924797 
0.07161816 
0.08633315 
0.14787032 
0.079902954 
0.1218784 
0.09201102 
0.11803544 
0.075648054 
0.125 
0.101891235 
0.09435983 
0.10210976 
0.07755539 
0.12555821 
0.09326056 
0.1086612 
0.10426272 
0.060515873 
0.1074005 
0.10561838 
0.12192468 
0.14605081 
0.10448356 
0.10615029 
0.15056023 
0.113900095 
0.09738399 
0.11560551 
0.12915656 
0.13823561 
0.087422684 
0.14882104 
0.11120448 
0.11528563 
0.11619988 
0.07906977 
0.08627134 
0.13253617 
0.11577203 
0.0946245 
0.10300639 
0.10702234 
0.08960358 
0.056194127 
0.078434676 
0.09040535 
0.09813548 
0.093935095 
0.08627645 
0.05804993 
