0.10652814 0.106250785 
0.107522555 0.11062994 
0.11158131 0.10672691 
0.10227938 0.109006956 
0.1156035 0.10545922 
0.10445311 0.106120005 
0.10925587 0.106385946 
0.10750843 0.10261735 
0.10410402 0.10566416 
0.10900324 0.105868526 
0.09988908 0.10633121 
0.10649549 0.10660653 
0.103909306 0.10729848 
0.10468061 0.10463624 
0.10876552 0.1083302 
0.1020147 0.10673178 
0.10621366 0.10930717 
0.10804929 0.1067149 
0.10809501 0.106998056 
0.11145926 0.102347426 
0.112288155 0.10721003 
0.10531549 0.11137109 
0.104669616 0.1074026 
