0.033831444 0.11077248 
0.050154652 0.10196654 
0.048985485 0.10916933 
0.051458426 0.109678805 
0.023661084 0.10814609 
0.04838114 0.117251165 
0.03360107 0.100908026 
0.02058862 0.105834186 
0.037061065 0.103897445 
0.015956584 0.1159862 
0.039194018 0.10620155 
0.049454752 0.10645229 
0.03572812 0.104164 
0.056212142 0.11927183 
0.026459707 0.09744276 
0.052802965 0.121863134 
0.050736792 0.103265546 
0.07605829 0.10679758 
0.055443194 0.11400105 
0.03354915 0.10776429 
0.062116425 0.112217374 
0.030922318 0.10195127 
0.03004092 0.10959169 
