0.0 
0.15436764 
0.15907633 
0.05202312 
0.0 
0.0 
0.0 
0.11731654 
0.0 
0.13748379 
0.0 
0.0 
0.02173913 
0.0 
0.102380954 
0.0 
0.024137931 
0.0 
0.0 
0.0 
0.16346154 
0.019858155 
0.050537635 
0.0045871558 
0.0 
0.15733333 
0.20396006 
0.07565012 
0.116161615 
0.021674877 
0.0 
0.0 
0.14753649 
0.15427095 
0.0 
0.07680723 
0.0 
0.0 
0.0 
0.0345679 
0.08723721 
0.035971224 
0.015300547 
0.0 
0.12515317 
0.17738359 
0.1473366 
0.0 
0.11372549 
0.026086956 
0.14372845 
0.0 
0.08856598 
0.0 
0.0 
0.0 
0.0 
0.0 
0.0 
0.011019284 
0.16596586 
0.0 
0.0 
0.06 
0.15582655 
0.0 
0.10721649 
0.20803736 
0.0 
