0.007329843 
0.077975884 
0.1048532 
0.0031221304 
0.0025062656 
0.0026490067 
0.078962214 
0.07115522 
0.0059405942 
0.08098957 
0.002266289 
0.0 
0.005973716 
0.008403362 
0.0647343 
0.0 
0.07922705 
0.0063380282 
0.0014492754 
0.002352941 
0.07617021 
0.01577856 
0.030724637 
0.039215688 
0.0046838406 
0.093041904 
0.08436262 
0.07969579 
0.0021574972 
0.005479452 
0.0014705883 
0.0026143792 
0.09767262 
0.08937159 
0.0 
0.008813559 
0.008810572 
0.0064935065 
0.004608295 
0.019753087 
0.042713664 
0.00830649 
0.013904338 
0.0033755274 
0.05890538 
0.0815735 
0.052223284 
0.028235294 
0.0063241106 
0.014402852 
0.11211441 
0.0018518518 
0.036117647 
0.010344828 
0.0052 
0.0033187773 
0.0 
0.032992702 
0.0 
0.0017497813 
0.07305494 
0.0 
0.0 
0.010816011 
0.09086162 
0.010471204 
0.0 
0.080057316 
0.0031496063 
