0.9705285 0.97466993 0.36416894 
0.9637068 0.9762695 0.36151496 
0.94914854 0.9697191 0.4002545 
0.95431983 0.97938067 0.41529384 
0.9665476 0.98211247 0.378824 
0.9766972 0.9667959 0.43787867 
0.97757107 0.9846713 0.4757346 
0.9614387 0.98030233 0.35451728 
0.959444 0.9651854 0.40564924 
0.9502548 0.9641065 0.47703555 
0.96581525 0.9852237 0.4602263 
0.9683131 0.98046213 0.37860912 
0.97121114 0.9835912 0.3752375 
0.9051211 0.9535819 0.19725521 
0.9637663 0.9723501 0.35389155 
0.96542513 0.983276 0.39695686 
0.96838504 0.98632944 0.41155547 
0.9637442 0.97760606 0.3778644 
0.9598843 0.9781743 0.33526784 
0.966341 0.97881466 0.31306928 
0.97468483 0.981959 0.44274554 
0.958074 0.98320204 0.20830953 
0.9492177 0.9565627 0.29043043 
