0.9640891 0.9770108 0.32510605 
0.9531599 0.9795473 0.35992372 
0.946485 0.97237396 0.36549821 
0.9588462 0.98326063 0.3583805 
0.95125717 0.98347723 0.2927405 
0.97057134 0.9722295 0.38511482 
0.97094744 0.98523194 0.42119393 
0.9612077 0.9817186 0.3161439 
0.9622179 0.9728829 0.36998254 
0.9482289 0.9681508 0.37635356 
0.9734536 0.98459595 0.43962795 
0.96661454 0.97947466 0.32161132 
0.97129774 0.98405254 0.35495934 
0.93796784 0.9624712 0.22466348 
0.95846677 0.9753344 0.331379 
0.97575086 0.9850583 0.43111023 
0.9709965 0.9847522 0.37907878 
0.9619569 0.98054206 0.38672787 
0.96349746 0.9786533 0.35811836 
0.9679592 0.9817011 0.33260632 
0.97824687 0.9843643 0.43067566 
0.96030897 0.9839457 0.2018422 
0.961418 0.9633271 0.26772013 
