0.7621053 0.2868526 
0.824295 0.32173914 
0.8035714 0.26268658 
0.882691 0.0858701 
0.0 0.5936073 
0.84210527 0.33093524 
0.7944251 0.3375796 
0.7194245 0.23529412 
0.9272173 0.2253952 
0.0 0.27639624 
0.8 0.21818182 
0.9465649 0.3809524 
0.75 0.16091955 
0.8651001 0.22320117 
0.83934426 0.13245033 
0.71428573 0.37362638 
0.6966292 0.1590909 
0.8627451 0.36734694 
0.9020134 0.17098446 
0.82504606 0.2638889 
0.8097928 0.18897638 
0.2676207 0.22231112 
0.83159465 0.19197208 
0.7590759 0.34848484 
0.86959505 0.2912874 
0.70315397 0.27945206 
0.816 0.42857143 
0.87261146 0.12698413 
0.9113924 0.17098446 
0.9084803 0.24788733 
0.8282262 0.20095694 
0.21325648 0.23275863 
0.4864865 0.40666667 
0.8544218 0.19764706 
0.7327478 0.19002375 
0.7525773 0.33766234 
0.882243 0.08588957 
0.9109528 0.3135705 
0.74172187 0.24 
0.7765958 0.12162162 
0.9120879 0.47058824 
0.8930041 0.17008798 
0.6494465 0.1627907 
0.8320658 0.32156187 
0.82417583 0.24285714 
0.7203065 0.21052632 
0.57636887 0.21276596 
0.6585366 0.09090909 
0.74298054 0.096296296 
0.8743719 0.1459854 
0.7548638 0.3882353 
0.82568806 0.31137726 
0.7755102 0.24242425 
0.81842816 0.23193741 
0.9087805 0.18114603 
0.68235296 0.13861386 
0.71875 0.16465864 
0.5585586 0.2962963 
0.72727275 0.21052632 
0.7099768 0.09205021 
0.78571427 0.2264151 
0.578125 0.1754386 
0.8484849 0.2983871 
0.85507244 0.46666667 
0.6198083 0.3699422 
0.8845878 0.15857606 
0.83161515 0.27540985 
0.8041237 0.2183406 
0.67529106 0.2859941 
0.81769437 0.24443294 
0.8251748 0.26535627 
0.8983567 0.24534501 
0.6713948 0.33015874 
0.8241206 0.20437956 
0.6294416 0.26105264 
0.86580086 0.27745664 
0.67561984 0.21165644 
0.9171695 0.29912025 
0.7875 0.44262296 
0.7218935 0.31932774 
0.4369748 0.24161074 
0.9247312 0.4494382 
0.7532467 0.3846154 
0.7208122 0.07457627 
0.81383145 0.18579236 
0.9291119 0.14908402 
0.5862069 0.2625 
0.0 0.23728813 
0.6954259 0.25814947 
0.89669424 0.10928962 
0.7926078 0.20717132 
0.83340776 0.2166141 
0.760181 0.5 
0.74901295 0.21396397 
0.95883286 0.27459016 
0.7352941 0.32768363 
0.86162364 0.42930153 
0.8679245 0.3604651 
0.6238532 0.24528302 
0.8018721 0.23451327 
0.90529245 0.27926078 
0.92921495 0.29698858 
0.6753927 0.22881356 
0.9470405 0.21383648 
0.9092604 0.29837838 
0.78313255 0.34065935 
0.5285714 0.1590909 
0.7070707 0.20689656 
0.69473684 0.125 
0.9174312 0.2962963 
0.9142857 0.0 
0.92105263 0.11023622 
0.82051283 0.32061067 
0.88963735 0.26459077 
0.8345324 0.18421052 
0.76258993 0.3220339 
0.8028419 0.24932249 
0.6320755 0.17777778 
0.802589 0.2662722 
0.8178999 0.38057086 
0.6384778 0.2239873 
0.7832423 0.30645162 
0.86440676 0.121212125 
0.820907 0.24942791 
0.5725047 0.3319838 
0.56179774 0.21333334 
0.80419195 0.19494584 
0.82722515 0.20422535 
0.61904764 0.21538462 
0.8980263 0.40707964 
0.86153847 0.34285715 
0.8670852 0.3256256 
0.9230769 0.23287672 
0.8615516 0.18175875 
0.44566497 0.22822632 
0.8484849 0.33846155 
0.81362724 0.12578617 
0.8206897 0.2846154 
0.60194176 0.46043167 
0.78740156 0.15286624 
0.9117647 0.49261084 
0.64827585 0.19534884 
0.8333333 0.1980198 
0.5268692 0.29614785 
0.7714286 0.26839826 
0.73103446 0.22950819 
0.7906977 0.30769232 
0.46153846 0.078947365 
0.8792711 0.24669604 
0.6320755 0.279476 
0.79574466 0.0942029 
0.7973551 0.17248908 
0.82758623 0.26900584 
0.88268155 0.3231441 
0.9468779 0.25287357 
0.50931674 0.19789474 
0.8880726 0.25325778 
0.8939394 0.24806201 
0.8249224 0.19568965 
0.0 0.098169714 
0.7311475 0.31236443 
0.86759144 0.28709677 
0.75581396 0.105515584 
0.91039425 0.21153846 
0.848 0.4 
0.8391326 0.15059687 
0.89320385 0.3018868 
0.8195122 0.18045112 
0.8410405 0.24815725 
0.7457627 0.2962963 
0.61413044 0.19620253 
0.53846157 0.08695652 
0.4 0.20689656 
0.91189 0.226015 
0.85973763 0.3187773 
0.8888889 0.3744681 
0.8666667 0.3089431 
0.8327138 0.33846155 
0.90405905 0.35031056 
0.7408225 0.18978103 
0.8023599 0.18548387 
0.89411765 0.22222222 
0.8767677 0.39043826 
0.88789237 0.21374045 
0.84076434 0.20618556 
0.75757575 0.17821783 
0.8108108 0.30985916 
0.60714287 0.1632653 
0.0 0.23777223 
0.78740156 0.1904762 
0.75409836 0.16216215 
0.8820059 0.31034482 
0.6942446 0.197615 
0.7124183 0.41794088 
0.69158876 0.3488372 
0.8697674 0.15841584 
0.8148148 0.1388889 
0.8345324 0.31660232 
0.926395 0.2508608 
0.90429044 0.375 
0.83516484 0.3298969 
0.6859206 0.25 
0.8324022 0.42962962 
0.68085104 0.09836066 
0.87212276 0.12790698 
0.8119403 0.275 
0.75 0.1764706 
0.8125417 0.14654003 
0.7407407 0.29787233 
0.89336014 0.3844011 
0.66729146 0.26439232 
0.5862069 0.41304347 
0.9268293 0.16513762 
0.94188374 0.2504673 
0.62711865 0.13793103 
0.79268295 0.17391305 
0.8484076 0.25396827 
0.85375494 0.2857143 
0.65753424 0.15267175 
0.63414633 0.26666668 
0.6666667 0.2080537 
0.2080537 0.3803056 
0.80536914 0.18421052 
0.53731346 0.28985506 
0.78296703 0.14931238 
0.91 0.2074074 
0.89945155 0.398374 
0.90133333 0.4454343 
0.89490443 0.17391305 
0.5984252 0.32911393 
0.6984127 0.15384616 
0.75429976 0.16666667 
0.5826772 0.20967741 
0.659612 0.28336754 
0.7355372 0.25941423 
0.7943925 0.23255815 
0.8451573 0.26168224 
0.7619048 0.29787233 
0.8630959 0.4509676 
0.7300793 0.34706566 
0.8680851 0.34146342 
0.75252527 0.17083333 
0.82539684 0.39716312 
0.8834688 0.23665224 
0.8996283 0.32624114 
0.5982906 0.12903225 
0.5301205 0.24561404 
0.69736844 0.24806201 
0.91752577 0.3392857 
0.9306931 0.13740458 
0.856 0.18518518 
0.64285713 0.112676054 
0.8556338 0.18723404 
0.7880299 0.3713355 
0.8080439 0.1458671 
0.77720207 0.21052632 
0.9138577 0.30377668 
0.8 0.3469388 
0.88372093 0.15882353 
0.9679421 0.21568628 
0.9344729 0.2361111 
0.86384976 0.21052632 
0.8249027 0.123595506 
0.9302326 0.27160493 
0.8927536 0.23809524 
0.90140843 0.4 
0.6126126 0.08510638 
0.6739726 0.35658914 
