0.0 0.54140913 
0.0 0.9198606 
0.0 0.8382353 
0.0 0.6712329 
0.920904 0.6923077 
0.0 0.73333335 
0.54180604 0.7209302 
0.5319149 0.53038675 
0.0 0.9230769 
0.76026636 0.61445785 
0.0 0.93385214 
0.0 0.8242424 
0.0 0.85098743 
0.85714287 0.5760518 
0.0 0.6652452 
0.0 0.8394161 
0.92480147 0.16304348 
0.8741722 0.0 
0.0 0.8056042 
0.0 0.7011236 
0.0 0.6131387 
0.68825066 0.0978836 
0.0 0.45402297 
0.552381 0.259375 
0.0 0.0 
0.0 0.26744187 
0.6106667 0.4479638 
0.0 0.6628571 
0.7151767 0.39577836 
0.0 0.8 
0.0 0.8019324 
0.0 0.9468085 
0.89518416 0.516129 
0.0 0.84588176 
0.0 0.8039604 
0.0 0.60273975 
0.0 0.65346533 
0.0 0.0 
0.0 0.8600224 
0.0 0.9424658 
0.0 0.73619634 
0.0 0.8331242 
0.0 0.71313673 
0.0 0.5887446 
0.0 0.28806585 
0.0 0.88614804 
0.836045 0.0 
0.0 0.8634361 
0.7531083 0.06849315 
0.0 0.64827585 
0.0 0.76258993 
0.0 0.63228697 
0.95013124 0.26785713 
0.91208154 0.40743288 
0.0 0.6696035 
0.0 0.0 
0.0 0.17821783 
0.89982283 0.2997729 
0.0 0.89053804 
0.77014923 0.25438598 
0.0 0.7826087 
0.871001 0.064935066 
0.0 0.54545456 
0.0 0.85714287 
0.0 0.84210527 
0.0 0.92178774 
0.0 0.77372265 
0.85545725 0.0 
0.0 0.46575344 
