0.0 0.095 
0.0 0.4108108 
0.0 0.56363636 
0.0 0.56573707 
0.85918856 0.47488585 
0.0 0.56179774 
0.37313432 0.25301206 
0.30526316 0.13399504 
0.0 0.7237569 
0.68421054 0.40488026 
0.0 0.62992126 
0.0 0.5714286 
0.0 0.5109034 
0.7878788 0.457539 
0.0 0.26168224 
0.0 0.19847329 
0.9401947 0.15384616 
0.8874172 0.0 
0.0 0.46746576 
0.0 0.67933494 
0.0 0.72401434 
0.71350765 0.05781866 
0.0 0.45936397 
0.44908616 0.4827586 
0.7234042 0.0 
0.0 0.0 
0.6789838 0.40077072 
0.0 0.8214286 
0.42159384 0.40061632 
0.0 0.85714287 
0.0 0.42307693 
0.0 0.7525424 
0.8507463 0.19004525 
0.0 0.17504051 
0.0 0.42979944 
0.0 0.5568327 
0.0 0.5473684 
0.84042555 0.0 
0.0 0.2591876 
0.0 0.6666667 
0.0 0.4602076 
0.0 0.51420027 
0.0 0.6993243 
0.0 0.0 
0.0 0.0 
0.0 0.48090523 
0.902439 0.4341637 
0.0 0.5030675 
0.83137256 0.4345048 
0.0 0.6323185 
0.0 0.7912088 
0.15873016 0.0 
0.94545454 0.0 
0.87450504 0.37577492 
0.0 0.58907366 
0.0 0.0 
0.0 0.0 
0.8804394 0.35390946 
0.0 0.7361111 
0.9207921 0.13278009 
0.0 0.6773455 
0.8556594 0.11731844 
0.0 0.16289593 
0.0 0.77922076 
0.0 0.43809524 
0.0 0.875 
0.0 0.65800864 
0.8229885 0.0 
0.0 0.25454545 
