0.0 0.34913793 
0.0 0.8156863 
0.0 0.50526315 
0.0 0.6715867 
0.944 0.5868726 
0.0 0.4888889 
0.4539007 0.18142548 
0.40441176 0.3030303 
0.0 0.5945946 
0.6522754 0.2933016 
0.0 0.76375407 
0.0 0.16091955 
0.0 0.8062655 
0.8689138 0.5218703 
0.0 0.12811388 
0.0 0.7032967 
0.93559 0.08571429 
0.88691795 0.0 
0.0 0.30052724 
0.0 0.08235294 
0.0 0.43003413 
0.837508 0.073387094 
0.0 0.31111112 
0.34408602 0.4727047 
0.0 0.0 
0.0 0.0 
0.6779252 0.29934925 
0.0 0.8851064 
0.50970876 0.30569106 
0.0 0.5765766 
0.0 0.5031447 
0.0 0.5954198 
0.8806818 0.43916914 
0.0 0.11862991 
0.0 0.80269814 
0.0 0.16748768 
0.0 0.3964497 
0.12068965 0.0 
0.0 0.7082228 
0.0 0.67582417 
0.0 0.44555694 
0.0 0.43132803 
0.0 0.6836582 
0.0 0.4909091 
0.0 0.5192308 
0.0 0.7917078 
0.84237075 0.37460318 
0.0 0.5647059 
0.8249027 0.46022728 
0.0 0.34444445 
0.0 0.8033473 
0.0 0.4336842 
0.93495935 0.12698413 
0.83257776 0.31455806 
0.0 0.8249027 
0.0 0.08617594 
0.0 0.115384616 
0.8597232 0.23850824 
0.0 0.13793103 
0.0 0.12919255 
0.0 0.69741696 
0.9300567 0.14187643 
0.0 0.0 
0.0 0.73743016 
0.0 0.3809524 
0.0 0.44067797 
0.0 0.7619048 
0.8173077 0.0 
0.0 0.0 
