0.8270691 
0.7770331 
0.7938741 
0.69282264 
0.80628216 
0.8219673 
0.7905646 
0.91443753 
0.8939635 
0.898052 
0.7816953 
0.8864948 
0.7898215 
0.8405888 
0.8750317 
0.7518575 
0.8449966 
0.8302308 
0.893223 
0.9222001 
0.8728977 
0.6923465 
0.8633544 
0.8743604 
0.8250416 
0.8207387 
0.73822826 
0.8211614 
0.903967 
0.85774803 
0.8418289 
0.8125259 
0.88121325 
0.8011503 
0.87162185 
0.9149191 
0.79954594 
0.696863 
0.8428481 
0.8882268 
0.93012106 
0.86667657 
0.8700958 
0.9052894 
0.9336039 
0.8072331 
0.84944844 
0.8195085 
0.85443956 
0.9028593 
0.88575757 
0.81587213 
0.8568461 
0.8435343 
0.9457045 
0.89760256 
0.6696226 
0.6293726 
0.7885151 
0.8704782 
0.7548484 
0.76341283 
0.84126854 
0.64227456 
0.7490898 
0.8307653 
0.85542697 
0.8517527 
0.8783881 
0.8311985 
0.80970025 
0.69685155 
0.81039274 
0.7841518 
0.85579014 
0.8966969 
0.7738845 
0.84767234 
0.8549532 
0.77451456 
0.89037466 
0.73492163 
0.7222082 
0.8413477 
0.78565097 
0.757311 
0.8488881 
0.36283398 
0.8343848 
0.897255 
0.8025892 
0.8377345 
0.89501506 
0.75633967 
0.7278598 
0.8075363 
0.7945108 
0.85143626 
0.3695628 
0.8732572 
0.8299327 
0.8183503 
0.8300869 
0.40271226 
0.8686879 
0.8989808 
0.7915747 
0.7755809 
0.75703293 
0.7880136 
0.66631985 
0.75561833 
0.78317785 
0.78909206 
0.857501 
0.8602378 
0.8244958 
0.80120635 
0.7725224 
0.844677 
0.88524115 
0.70506054 
0.8479508 
0.7675056 
0.793339 
0.9208012 
0.8297243 
0.89524424 
0.78055114 
0.8405164 
0.87947613 
0.66052336 
0.85022503 
0.42637688 
0.8990096 
0.92397213 
0.0030907257 
0.8161394 
0.5587904 
0.8390494 
0.87875724 
0.7731017 
0.87398255 
0.8083598 
0.8158186 
0.9203592 
0.65156937 
0.92571515 
0.7204274 
0.7489665 
0.88559705 
0.8841263 
0.7904265 
0.8206478 
0.89697886 
0.92521095 
0.75711495 
0.9296083 
0.8283756 
0.86768115 
0.7811301 
0.90681493 
0.85054517 
0.8265467 
0.84540266 
0.8578762 
0.8567851 
0.86305004 
0.8884889 
0.6591959 
0.6672059 
0.8139631 
0.88714164 
0.7244095 
0.80752295 
0.88397866 
0.91544867 
0.91355795 
0.77624774 
0.75925475 
0.45804244 
0.88654566 
0.6507218 
0.6906076 
0.87291616 
0.9184345 
0.79828006 
0.8396249 
0.78351974 
0.8939801 
0.80703515 
0.88555914 
0.87419105 
0.83165956 
0.8222418 
0.90596974 
0.831945 
0.8765138 
0.7643252 
0.7844202 
0.7591247 
0.80490655 
0.9114043 
0.8061015 
0.8161366 
0.7417891 
0.7078029 
0.791251 
0.88564575 
0.8059438 
0.7996107 
0.7552515 
0.93746644 
0.85250735 
0.86664647 
0.8089378 
0.86420643 
0.8913654 
0.8209508 
0.71798384 
0.7822597 
0.78351045 
0.84213305 
0.8187149 
0.76887697 
0.7197904 
0.7832171 
0.9340649 
0.85773057 
0.92690647 
0.84867406 
0.78266495 
0.8217799 
0.7961108 
0.85409033 
0.6462512 
0.87373674 
0.8449495 
0.90444463 
0.868444 
0.8084762 
0.9062747 
0.7670003 
0.84001446 
0.8034749 
0.8988336 
0.79448736 
0.7477717 
0.79299563 
0.84940034 
0.72614664 
0.85510045 
0.9083507 
0.85999095 
0.8515055 
0.91880834 
0.8307746 
0.78098136 
0.94544035 
0.7989324 
0.6934653 
0.6916187 
0.8422363 
0.8753919 
0.7952072 
0.8285338 
0.7596439 
0.4764975 
