0.251058 
0.899038 
0.93927157 
0.5757011 
0.22861183 
0.31593224 
0.7184515 
0.8199136 
0.16508105 
0.79409295 
0.27801445 
0.21691903 
0.08895286 
0.19108076 
0.47031528 
0.09084904 
0.86045384 
0.25641167 
0.034369696 
0.29840204 
0.7418573 
0.24351566 
0.47978017 
0.53982776 
0.1650292 
0.8427642 
0.86940914 
0.76467127 
0.57078105 
0.45899826 
0.15771198 
0.28070292 
0.6651458 
0.83930475 
0.0 
0.42258567 
0.22267339 
0.0 
0.28984672 
0.6077579 
0.71602064 
0.33049652 
0.29683602 
0.2444851 
0.7846718 
0.8042135 
0.6003566 
0.18429403 
0.4785509 
0.37346348 
0.87316734 
0.08510638 
0.61733073 
0.24663343 
0.20896654 
0.097130775 
0.16151775 
0.82608235 
0.15642196 
0.27858025 
0.90098464 
0.27747747 
0.32055768 
0.39253774 
0.9051121 
0.25789478 
0.1666507 
0.7033354 
0.28779224 
