0.37225506 
0.90698165 
0.94170696 
0.5104901 
0.3847798 
0.27169594 
0.5321552 
0.6750649 
0.299961 
0.795533 
0.2317661 
0.3204354 
0.36055326 
0.3306215 
0.43301636 
0.26112762 
0.71191657 
0.16559304 
0.027647164 
0.24753933 
0.7081574 
0.36933428 
0.23572679 
0.41889685 
0.27108642 
0.87290215 
0.8360117 
0.31833 
0.52710557 
0.42476845 
0.30670688 
0.17795755 
0.6019583 
0.8844095 
0.0 
0.381013 
0.21945085 
0.21704061 
0.2935634 
0.5929532 
0.6575713 
0.4043223 
0.16805443 
0.24750435 
0.7546449 
0.79049784 
0.5661437 
0.36568004 
0.27280274 
0.19960834 
0.88324475 
0.09949664 
0.7321497 
0.34449625 
0.0 
0.078978345 
0.4983435 
0.71133137 
0.29328924 
0.5621023 
0.89694935 
0.0 
0.3082986 
0.5156368 
0.9027924 
0.4374716 
0.65348685 
0.7239367 
0.3887461 
