0.4106023 
0.6648934 
0.61022294 
0.4100372 
0.51409477 
0.16558802 
0.3862414 
0.8420125 
0.19676335 
0.20538814 
0.69149137 
0.7390987 
0.63637465 
0.55988616 
0.86971664 
0.24606232 
0.7888241 
0.17524989 
0.3112353 
0.24198158 
0.29484013 
0.7814689 
0.20672558 
0.45043623 
0.5040825 
0.73768 
0.53681505 
0.51523435 
0.90182036 
0.1861877 
0.8086027 
0.30267033 
0.8626532 
0.7860979 
0.5904168 
0.9216513 
0.17523706 
0.21218757 
0.84047234 
0.80561215 
0.5481607 
0.48027658 
0.66992193 
0.2913329 
0.2609391 
0.774091 
0.19514824 
0.79574186 
0.61521536 
0.19301006 
0.88142115 
0.41370046 
0.82458043 
0.7027012 
0.2010858 
0.20205553 
0.74905527 
0.13867055 
0.8257868 
0.23763071 
0.18530846 
0.62256956 
0.6991892 
0.6029466 
0.5763927 
0.54158306 
0.58545166 
0.7686635 
0.26396206 
0.6935184 
0.39533263 
0.6720509 
0.35212266 
0.6296089 
0.5032362 
0.8473517 
0.81829464 
0.6910609 
0.193651 
0.688473 
0.61726844 
0.16334215 
0.13556205 
0.5609293 
0.76877314 
0.8747028 
0.3940363 
0.128464 
0.80613047 
0.23109566 
0.64822525 
0.43229207 
0.866254 
0.16488476 
0.74779344 
0.7305014 
0.6850407 
0.8369427 
0.2840535 
0.76974 
0.30444682 
0.2678911 
0.23546255 
0.16587792 
0.7376837 
0.9269911 
0.7243669 
0.81651896 
0.81659234 
0.8174292 
0.16883923 
0.6483747 
0.7772564 
0.38486502 
0.74362576 
0.83075774 
0.19414082 
0.62488127 
0.6605017 
0.19076237 
0.83264124 
0.19631451 
0.4032874 
0.67534435 
0.7661021 
0.83997226 
0.23515235 
0.6941392 
0.70471776 
0.82053196 
0.20094608 
0.19128375 
0.52835745 
0.3358731 
0.2009883 
0.5219102 
0.0 
0.5948419 
0.2153988 
0.79419416 
0.45973086 
0.6356338 
0.88662094 
0.8252765 
0.23951055 
0.89148974 
0.16820988 
0.20512012 
0.23140195 
0.17627755 
0.7518167 
0.8345388 
0.5533928 
0.630598 
0.65735024 
0.29273996 
0.6812129 
0.22022212 
0.6974756 
0.8987521 
0.555549 
0.91484004 
0.449134 
0.4998479 
0.75786155 
0.8483896 
0.7740714 
0.68964565 
0.59522796 
0.21610373 
0.6805427 
0.85221756 
0.43041646 
0.24358273 
0.45911312 
0.7169243 
0.36731544 
0.5475854 
0.36598274 
0.09730916 
0.44453335 
0.631666 
0.6507592 
0.18209125 
0.7928347 
0.2328445 
0.13051146 
0.7131181 
0.46253052 
0.5175242 
0.7506147 
0.19417667 
0.24861847 
0.63527954 
0.21189156 
0.1922725 
0.73858774 
0.52097136 
0.6965978 
0.4413575 
0.69774836 
0.8395485 
0.56692326 
0.5887961 
0.23547514 
0.7219106 
0.698137 
0.64744 
0.66450286 
0.18919998 
0.32112798 
0.23672448 
0.20206383 
0.88327444 
0.64470994 
0.8436161 
0.83764017 
0.8132787 
0.8208689 
0.6946236 
0.60655105 
0.76933795 
0.36776316 
0.46759456 
0.5608474 
0.57604796 
0.27690208 
0.8094673 
0.2863721 
0.485175 
0.79981464 
0.7950525 
0.30152994 
0.793987 
0.7472078 
0.20467761 
0.8794562 
0.8698545 
0.85406756 
0.80832547 
0.7833762 
0.40851784 
0.36793914 
0.80210435 
0.20303774 
0.8314622 
0.7861504 
0.76028246 
0.54653686 
0.84215117 
0.3895632 
0.8694581 
0.8869745 
0.8788868 
0.20290732 
0.8482489 
0.8004502 
0.15714446 
0.20220198 
0.8603547 
0.18608615 
0.32694647 
0.28588113 
0.27912307 
0.7363281 
0.797261 
0.19451843 
0.103535384 
