0.8256606 
0.77261275 
0.802555 
0.7457238 
0.80561364 
0.8168622 
0.80982906 
0.89298964 
0.8874873 
0.9018447 
0.78456676 
0.89324725 
0.7957797 
0.8503718 
0.8876001 
0.76768744 
0.84921116 
0.8171832 
0.8900424 
0.9230697 
0.8742667 
0.68586254 
0.85847116 
0.8749777 
0.8528531 
0.8673634 
0.75534344 
0.83249635 
0.8704386 
0.80991805 
0.8373414 
0.7713533 
0.88955027 
0.7940556 
0.8698802 
0.91007155 
0.7241156 
0.74688727 
0.8548069 
0.8871414 
0.92222774 
0.8608526 
0.88234603 
0.8990803 
0.93814063 
0.8078503 
0.8548411 
0.8241521 
0.85971624 
0.8680039 
0.7703105 
0.7853326 
0.8662366 
0.85905904 
0.9430376 
0.89546484 
0.68266976 
0.6411279 
0.758343 
0.87494963 
0.8415744 
0.7584546 
0.8380944 
0.6420242 
0.7645033 
0.83631706 
0.8724615 
0.85145575 
0.9059518 
0.8362956 
0.82249904 
0.71146995 
0.8282968 
0.80858904 
0.8524783 
0.88747376 
0.76673114 
0.85309166 
0.86475706 
0.79539937 
0.8818076 
0.64603 
0.75243556 
0.87235594 
0.79296064 
0.7352198 
0.83725315 
0.44599795 
0.8412573 
0.8921077 
0.8022377 
0.8522166 
0.8896149 
0.7448711 
0.7541467 
0.79564077 
0.7844069 
0.759595 
0.3666546 
0.8746407 
0.80579436 
0.8920544 
0.83368236 
0.4174521 
0.8701205 
0.88318425 
0.7800622 
0.7775561 
0.78075254 
0.8046195 
0.62121713 
0.73768336 
0.7691238 
0.7981799 
0.8487381 
0.8446335 
0.803511 
0.7507797 
0.7538987 
0.86565554 
0.8552601 
0.7200997 
0.8506534 
0.774999 
0.8219314 
0.91256577 
0.83305776 
0.8993797 
0.7908106 
0.81618667 
0.9132697 
0.65775406 
0.8626194 
0.41779226 
0.8999972 
0.9230795 
0.0 
0.81935745 
0.6584341 
0.80523044 
0.8744563 
0.74151874 
0.8830225 
0.7811689 
0.8109877 
0.9134643 
0.64449424 
0.8977593 
0.7397629 
0.690386 
0.8963748 
0.8946445 
0.77909356 
0.8301651 
0.8885776 
0.91625977 
0.78295547 
0.9301597 
0.83915323 
0.8577507 
0.8173781 
0.9240636 
0.8453972 
0.8223925 
0.83808964 
0.8673851 
0.8951098 
0.85620284 
0.8907246 
0.7369267 
0.6680927 
0.8206713 
0.87452316 
0.6780683 
0.806399 
0.8949542 
0.9160335 
0.92105246 
0.7370996 
0.79348814 
0.4548251 
0.87504107 
0.67799693 
0.60935605 
0.8730862 
0.91892546 
0.7946752 
0.85063046 
0.7446391 
0.89506 
0.8005274 
0.8645233 
0.86484873 
0.87926596 
0.8144631 
0.8961878 
0.77658534 
0.8482965 
0.7629577 
0.8293702 
0.7386341 
0.7954221 
0.91500187 
0.80264425 
0.84333885 
0.7424446 
0.7351986 
0.7798309 
0.8865861 
0.8021558 
0.80186194 
0.75177246 
0.93864846 
0.87120813 
0.8866794 
0.8191412 
0.85090715 
0.9025209 
0.78769654 
0.79020077 
0.79664075 
0.802585 
0.85492843 
0.81891656 
0.7462486 
0.68955225 
0.74864805 
0.92683035 
0.8551723 
0.91866255 
0.8532148 
0.8158217 
0.8205477 
0.8182551 
0.8742145 
0.59404016 
0.87644064 
0.8555631 
0.9022063 
0.90026206 
0.8156367 
0.91023844 
0.7654412 
0.8000525 
0.7876396 
0.90348226 
0.80451214 
0.856948 
0.8046725 
0.8743056 
0.74573916 
0.8280987 
0.9020747 
0.85957575 
0.8532948 
0.91990626 
0.8391 
0.7979587 
0.9490375 
0.79592824 
0.68677765 
0.65110105 
0.8424372 
0.87344885 
0.79764664 
0.83513653 
0.7406352 
0.4935788 
