0.7800668 
0.764323 
0.763189 
0.7550678 
0.74080753 
0.78906816 
0.8402957 
0.8245381 
0.86624455 
0.8628256 
0.6601532 
0.8599468 
0.7438727 
0.83890414 
0.8129738 
0.76749957 
0.799359 
0.78810555 
0.86092806 
0.9153913 
0.8647965 
0.5232252 
0.8415498 
0.86122173 
0.8392068 
0.8942381 
0.8229023 
0.789864 
0.8143456 
0.8422331 
0.7039403 
0.8244422 
0.85513484 
0.6801758 
0.8311497 
0.837659 
0.62658095 
0.73037153 
0.763725 
0.81653786 
0.89823264 
0.7933351 
0.8730859 
0.87310815 
0.9320296 
0.67174524 
0.8894535 
0.8392607 
0.83521837 
0.850636 
0.8739971 
0.74033475 
0.845026 
0.82299095 
0.93187284 
0.8864267 
0.62402505 
0.650882 
0.71801275 
0.8426477 
0.7627242 
0.6900379 
0.75337476 
0.5116417 
0.8186581 
0.75923216 
0.8643726 
0.75618064 
0.9094572 
0.8034307 
0.7610556 
0.699227 
0.7439976 
0.7869855 
0.7321149 
0.8283386 
0.7273954 
0.7638939 
0.8577972 
0.64079 
0.8259571 
0.6889796 
0.757633 
0.8888214 
0.6478094 
0.689041 
0.79960823 
0.27786216 
0.8805705 
0.87604475 
0.71454877 
0.8466748 
0.86268324 
0.7226616 
0.7959602 
0.7603007 
0.73823667 
0.6638565 
0.3392367 
0.80558336 
0.7484076 
0.5558139 
0.7831543 
0.37486595 
0.7840491 
0.77585334 
0.86529064 
0.6976362 
0.6931159 
0.6844588 
0.5352587 
0.64517707 
0.8047746 
0.6536046 
0.8043501 
0.8065486 
0.7418138 
0.81848073 
0.7391225 
0.82470095 
0.79437083 
0.717134 
0.8425973 
0.73209864 
0.7486273 
0.8588421 
0.75002265 
0.7674354 
0.6997293 
0.7570568 
0.84321135 
0.6512974 
0.8652349 
0.3962512 
0.882664 
0.89755493 
0.0 
0.6719533 
0.5519686 
0.8973705 
0.8178873 
0.5990698 
0.8052279 
0.78581303 
0.6934479 
0.8558168 
0.5924457 
0.87832874 
0.6267148 
0.6155236 
0.89499384 
0.85452455 
0.66656053 
0.7947051 
0.839131 
0.9014993 
0.80953926 
0.9282757 
0.8342391 
0.79680675 
0.8180882 
0.785511 
0.89926785 
0.80543 
0.83047265 
0.82754886 
0.87648386 
0.79694885 
0.84690315 
0.7386355 
0.4751014 
0.74192256 
0.82168764 
0.6192022 
0.7968723 
0.82515603 
0.8918813 
0.91289544 
0.6541055 
0.66905606 
0.41706708 
0.87110204 
0.8252639 
0.65116847 
0.837728 
0.9099019 
0.8134535 
0.8117814 
0.6394452 
0.86325216 
0.8678918 
0.821206 
0.83236307 
0.8562907 
0.8198397 
0.88858765 
0.8339985 
0.7350293 
0.72513545 
0.861699 
0.6152249 
0.72399724 
0.9011371 
0.7488067 
0.7177798 
0.7534348 
0.68954897 
0.7439008 
0.86158234 
0.8351365 
0.79675263 
0.68565035 
0.9299501 
0.71873385 
0.7476333 
0.67109865 
0.8321833 
0.8911598 
0.7958049 
0.72353035 
0.83934855 
0.77123904 
0.8880139 
0.82323724 
0.5453123 
0.5921519 
0.77531767 
0.87529427 
0.8567163 
0.91761166 
0.7965731 
0.69790816 
0.7631768 
0.79322314 
0.7826338 
0.502731 
0.7460837 
0.78567255 
0.8241979 
0.83521694 
0.68069816 
0.91278476 
0.7651229 
0.8392274 
0.74997693 
0.8720862 
0.7318059 
0.60372895 
0.8819848 
0.83159643 
0.68923116 
0.7409264 
0.8966933 
0.8105341 
0.86774206 
0.8696828 
0.793033 
0.7499698 
0.94729525 
0.63016814 
0.73878837 
0.4922667 
0.7051587 
0.83816075 
0.72636944 
0.83055335 
0.6945627 
0.49915668 
