0.9652496 0.9754205 
0.97253525 0.98472095 
0.96845144 0.9755221 
0.9749846 0.98354095 
0.9502162 0.97383183 
0.97392845 0.9790604 
0.95695585 0.97975975 
0.9454322 0.91733766 
0.9677871 0.98039156 
0.9724303 0.9705258 
0.9502854 0.95699036 
0.9692071 0.9833548 
0.97714216 0.98362565 
0.9616346 0.963118 
0.96065706 0.97791624 
0.9616184 0.9701338 
0.9767353 0.985667 
0.9755093 0.98315334 
0.977111 0.9825686 
0.95723367 0.95878154 
0.96714705 0.9805446 
0.97617584 0.9849582 
0.96687263 0.9811919 
