0.8239871 
0.7656398 
0.8053776 
0.6994837 
0.794022 
0.8387942 
0.78594464 
0.8751659 
0.89167786 
0.88161993 
0.7808233 
0.88253635 
0.7785222 
0.84515154 
0.8648262 
0.73772013 
0.8440272 
0.82909817 
0.89397424 
0.9239936 
0.8814173 
0.6840802 
0.8581685 
0.8820874 
0.84160817 
0.82648826 
0.75321066 
0.83234614 
0.9001041 
0.8322448 
0.84941196 
0.7853546 
0.8791271 
0.7966445 
0.8718912 
0.9137614 
0.7998119 
0.68971306 
0.8578836 
0.892434 
0.9274005 
0.86587983 
0.8932648 
0.89522743 
0.934349 
0.8080405 
0.87498415 
0.82164794 
0.8723677 
0.90330225 
0.8610319 
0.81080574 
0.85819983 
0.8480301 
0.94542044 
0.89896387 
0.68585074 
0.63070214 
0.77348924 
0.8676356 
0.8439075 
0.7567098 
0.8373024 
0.6203894 
0.7468643 
0.82408553 
0.88394415 
0.8556496 
0.88015395 
0.8335221 
0.8185776 
0.7244389 
0.8174605 
0.79888684 
0.8719727 
0.90416765 
0.77168494 
0.8564667 
0.8599571 
0.7720548 
0.8909809 
0.7574201 
0.7429394 
0.8497055 
0.8068159 
0.7341765 
0.8527118 
0.39426634 
0.85352796 
0.894043 
0.8107134 
0.8328552 
0.88786817 
0.7689329 
0.7585068 
0.7943715 
0.79028267 
0.845441 
0.3688393 
0.8769806 
0.82903016 
0.8310916 
0.83284444 
0.40524432 
0.8655443 
0.88348275 
0.8057982 
0.78066045 
0.7592162 
0.7872098 
0.6732307 
0.76466155 
0.7783798 
0.7924805 
0.85227334 
0.8544678 
0.78075254 
0.79891664 
0.7584093 
0.8308073 
0.8811502 
0.7045697 
0.8456614 
0.77115244 
0.8060809 
0.9253175 
0.83065796 
0.8883685 
0.7879927 
0.8354409 
0.9222216 
0.657078 
0.85754156 
0.41486862 
0.89612406 
0.91712946 
0.1158378 
0.8165833 
0.5778433 
0.85874337 
0.87907475 
0.77004296 
0.8738895 
0.8103866 
0.7956351 
0.9209961 
0.6700893 
0.92342484 
0.7227777 
0.69024223 
0.89519626 
0.8875124 
0.7960217 
0.8275131 
0.9017908 
0.9244483 
0.75344294 
0.92998487 
0.8330783 
0.85755163 
0.808878 
0.9060367 
0.85997516 
0.82163 
0.8559418 
0.85085535 
0.8746047 
0.8615886 
0.8860579 
0.6760854 
0.6438043 
0.82011217 
0.8783924 
0.71210617 
0.806158 
0.88957053 
0.9163016 
0.91257286 
0.77064836 
0.77128214 
0.4491374 
0.88897204 
0.67712593 
0.69621694 
0.87274736 
0.9230844 
0.8135408 
0.8405304 
0.75361013 
0.894848 
0.8113431 
0.8850173 
0.8664415 
0.8511436 
0.8193337 
0.9002345 
0.8464022 
0.8533542 
0.7581101 
0.8106607 
0.75969213 
0.8118721 
0.9157732 
0.7980659 
0.8241179 
0.7485334 
0.71788704 
0.7872614 
0.8853702 
0.7914254 
0.79815394 
0.7504743 
0.9370099 
0.8514412 
0.8715965 
0.812641 
0.86080784 
0.89156616 
0.82655716 
0.7542759 
0.79331803 
0.7839115 
0.84467757 
0.81889486 
0.7518337 
0.72637707 
0.7360718 
0.9351408 
0.8577274 
0.9284484 
0.845445 
0.78864664 
0.8254743 
0.7978757 
0.83743995 
0.6104905 
0.8699312 
0.8389833 
0.90537256 
0.87586427 
0.7945479 
0.9069902 
0.7593412 
0.8357366 
0.8006558 
0.8995217 
0.8036954 
0.74519867 
0.7983025 
0.859181 
0.7455427 
0.84225726 
0.9103772 
0.8584337 
0.8523415 
0.91820514 
0.8305109 
0.80073225 
0.9472627 
0.7824185 
0.6976045 
0.7004725 
0.8446161 
0.8777316 
0.79628426 
0.8262096 
0.76098377 
0.47440872 
