0.3063385 
0.20757623 
0.24455251 
0.34164262 
0.3513596 
0.304763 
0.1950642 
0.18837701 
0.27598715 
0.53511685 
0.30180922 
0.027777778 
0.0981575 
0.26315504 
0.31140476 
0.1561429 
0.23685904 
0.29449296 
0.031656984 
0.03254438 
0.49226445 
0.02412545 
0.16499317 
0.3486755 
0.31919485 
0.27480283 
0.30598316 
0.39773571 
0.043406766 
0.038818713 
0.21510513 
0.36253533 
0.11345025 
0.3475124 
0.037765767 
0.015514593 
0.2226787 
0.15369035 
0.1150991 
0.42085978 
0.08320325 
0.05828034 
0.0047518625 
0.15855548 
0.08519995 
0.37935752 
0.19794786 
0.4126259 
0.10221242 
0.26610184 
0.26490012 
0.0575351 
0.3830217 
0.29026124 
0.18649064 
0.16478588 
0.0 
0.0827999 
0.052066118 
0.037966207 
0.20068857 
0.0 
0.32658324 
0.20563817 
0.48004746 
0.38267967 
0.10059192 
0.21423542 
0.29513177 
