0.2996359 
0.7795753 
0.9161218 
0.5177883 
0.17820811 
0.19637766 
0.54364634 
0.6772544 
0.23054844 
0.7644637 
0.21642902 
0.18922257 
0.16721506 
0.26284012 
0.33861756 
0.08269455 
0.7940343 
0.2817249 
0.014808759 
0.1834306 
0.6789221 
0.3134636 
0.4043925 
0.56914884 
0.20171548 
0.83081007 
0.7752163 
0.7726164 
0.06993501 
0.15407717 
0.25764367 
0.28337404 
0.740644 
0.8139994 
0.011154098 
0.34690523 
0.26477012 
0.18090998 
0.3915124 
0.5739636 
0.5497895 
0.36263865 
0.063894495 
0.21037512 
0.52254784 
0.7009043 
0.3980488 
0.25195742 
0.24451 
0.41420275 
0.8577221 
0.053549718 
0.57710856 
0.27014348 
0.25704148 
0.21419019 
0.10742226 
0.3418484 
0.23146906 
0.17391464 
0.7411805 
0.0 
0.2271711 
0.29109573 
0.8626288 
0.28027394 
0.09108583 
0.6782633 
0.23138593 
