0.3487237 
0.90745264 
0.94110745 
0.55098814 
0.18169275 
0.23733938 
0.77151173 
0.8093891 
0.20711611 
0.79448605 
0.27455443 
0.22079854 
0.053014606 
0.17248991 
0.48876706 
0.055429865 
0.91079336 
0.25686243 
0.0 
0.25978312 
0.7450089 
0.2475627 
0.3530235 
0.34020072 
0.19830121 
0.8437193 
0.9054616 
0.72908694 
0.30246994 
0.37800372 
0.14712618 
0.28814936 
0.6718291 
0.8521718 
0.0 
0.5892162 
0.22490017 
0.0 
0.22056273 
0.6063906 
0.70959276 
0.34986776 
0.2840649 
0.24751209 
0.7775314 
0.80837584 
0.5804161 
0.0 
0.39265546 
0.39566424 
0.88014805 
0.0 
0.6302591 
0.5548401 
0.3231586 
0.067558125 
0.19343412 
0.7595229 
0.20586216 
0.20809826 
0.90536684 
0.16969697 
0.34846008 
0.37693256 
0.90473485 
0.32862523 
0.36917862 
0.6976215 
0.26597828 
