0.24408945 
0.28477857 
0.13206246 
0.19164431 
0.24409339 
0.1690349 
0.16878761 
0.48719132 
0.1960413 
0.2014929 
0.26999453 
0.3871022 
0.32584336 
0.32046267 
0.5644392 
0.1386084 
0.4600849 
0.16773692 
0.19732933 
0.20703058 
0.18135445 
0.5985078 
0.17780967 
0.2201588 
0.44509938 
0.41342956 
0.38465655 
0.19154105 
0.8052507 
0.17735212 
0.7122162 
0.1392298 
0.73698545 
0.72523284 
0.26158231 
0.7440422 
0.12536417 
0.14463535 
0.6759454 
0.49990883 
0.29553834 
0.28353298 
0.44676885 
0.19371419 
0.20021233 
0.32339582 
0.16188374 
0.6970018 
0.42364404 
0.19087523 
0.5869671 
0.22636211 
0.61830175 
0.34919178 
0.20053722 
0.19332549 
0.58007777 
0.14059843 
0.73990625 
0.16522098 
0.18965857 
0.34247926 
0.31370208 
0.230394 
0.41064718 
0.22237149 
0.24927552 
0.52498734 
0.18163444 
0.33660454 
0.24285571 
0.3065424 
0.26058325 
0.41777834 
0.2158144 
0.5034107 
0.5836127 
0.2554134 
0.18254076 
0.25618327 
0.24613832 
0.13076766 
0.14092107 
0.4185916 
0.53458613 
0.45124084 
0.2354357 
0.13137092 
0.65066683 
0.19275345 
0.3374353 
0.22330934 
0.551996 
0.16583784 
0.36091128 
0.36928746 
0.4895979 
0.35688996 
0.24801706 
0.63151985 
0.20433448 
0.17381051 
0.1816955 
0.17017955 
0.53730464 
0.59130496 
0.38135225 
0.43793702 
0.7359788 
0.63559437 
0.16321406 
0.42804837 
0.65359986 
0.1971831 
0.4539711 
0.57199913 
0.17861152 
0.178974 
0.32211015 
0.18481848 
0.34986207 
0.12093754 
0.19212744 
0.2225826 
0.31293535 
0.5505103 
0.1768398 
0.19340144 
0.3442253 
0.6339634 
0.18528605 
0.18518831 
0.34924585 
0.33599436 
0.19734868 
0.20017983 
0.0 
0.32781324 
0.13727233 
0.670708 
0.19381134 
0.27718598 
0.69702065 
0.3911457 
0.1627962 
0.5164015 
0.15019158 
0.2069121 
0.14919086 
0.17339918 
0.56472105 
0.59989345 
0.25805053 
0.3116057 
0.33221185 
0.2008675 
0.41919798 
0.20006749 
0.45154768 
0.7672093 
0.35175 
0.7121964 
0.25271574 
0.40073004 
0.3945181 
0.7004698 
0.6489617 
0.37320378 
0.39574403 
0.17105566 
0.44502476 
0.60764486 
0.1947729 
0.17523135 
0.17593202 
0.37048754 
0.2333183 
0.35190955 
0.18651898 
0.1078679 
0.46224335 
0.42060202 
0.4720694 
0.16104907 
0.5473612 
0.19707981 
0.14648561 
0.3678198 
0.16883254 
0.25248435 
0.5671595 
0.19628686 
0.22387087 
0.37192124 
0.16445337 
0.19351278 
0.40280563 
0.30530053 
0.3544633 
0.30502197 
0.5834128 
0.5700039 
0.32919642 
0.18343417 
0.17161717 
0.41338056 
0.36555347 
0.37618467 
0.44140056 
0.13570929 
0.2073055 
0.19740249 
0.19951086 
0.67164856 
0.38247383 
0.42347115 
0.46814227 
0.64703536 
0.62953925 
0.38146487 
0.2869073 
0.50036854 
0.18916762 
0.24937034 
0.18500192 
0.31086653 
0.1528889 
0.5942476 
0.16582064 
0.31211942 
0.47990984 
0.5359201 
0.18351254 
0.47488818 
0.58566046 
0.14824665 
0.55915856 
0.72077125 
0.6932479 
0.48979354 
0.35324952 
0.19904242 
0.21282421 
0.5717112 
0.16888429 
0.4897207 
0.39084208 
0.48000216 
0.34035215 
0.5020423 
0.19617316 
0.50772196 
0.71502477 
0.7278018 
0.17516088 
0.47440442 
0.4656335 
0.1643392 
0.20079471 
0.6445907 
0.10989434 
0.20933977 
0.19652551 
0.19264755 
0.37332866 
0.324104 
0.16512536 
0.09389726 
