0.23330833 
0.09382994 
0.1148504 
0.10242115 
0.0 
0.53511316 
-0.019008107 
0.1444837 
0.27547818 
0.022845456 
0.022489037 
0.3278339 
0.6909265 
0.03546827 
0.20794012 
-0.008967073 
0.28179428 
0.20240302 
-0.014802066 
0.102312215 
0.026443366 
0.16488083 
0.12739366 
0.17968068 
0.14905536 
-0.02543701 
0.25525188 
-0.006423356 
0.59972626 
0.34963655 
0.32937318 
0.0060694767 
0.06869072 
0.078676686 
0.1319521 
0.063650936 
0.004010025 
0.26134938 
0.72197735 
0.27062726 
0.06021366 
0.17306426 
0.04798255 
0.0 
-0.014804332 
-0.011405367 
0.48016346 
0.0 
0.23537353 
0.053706005 
0.45616096 
0.057842746 
-0.0032834767 
0.08097097 
0.0855113 
0.16091183 
-0.061189674 
0.07756331 
0.068553515 
0.15994813 
0.40408126 
0.1585757 
0.18898337 
0.016904762 
0.18026647 
-0.016498994 
0.016385049 
0.13238218 
0.09656084 
