0.5781148 
0.49674714 
0.10642785 
0.53528166 
0.32451808 
0.13334489 
0.02987613 
0.19491236 
0.19630592 
0.24129453 
0.40440562 
0.13678287 
0.58822703 
0.16665192 
0.13356155 
0.11944821 
0.12622401 
0.23054445 
0.0049629114 
0.13222091 
-0.022038348 
0.13736086 
0.11515156 
0.17944808 
0.4541112 
0.25463146 
0.26713723 
0.11025868 
0.5675194 
0.16482398 
0.35449475 
0.028266618 
0.14850277 
0.5619444 
0.24168655 
0.18618295 
0.013854207 
0.28482148 
0.82616925 
0.2605604 
0.024175825 
0.36456326 
0.016394407 
-0.009688013 
0.00169475 
0.2700728 
0.63032037 
0.015238095 
0.2410918 
0.24959025 
0.42515704 
0.18208964 
0.20934844 
0.25197402 
0.16589952 
0.333064 
0.28485557 
0.1534371 
0.09841798 
0.18871935 
0.27390477 
0.26920572 
0.15434319 
0.14264277 
0.18447942 
0.49690476 
0.37515524 
0.12125655 
0.22921811 
