0.38583282 
0.05670953 
0.16112898 
-0.014298229 
-0.0035090104 
0.79646015 
0.08191213 
-0.038357053 
0.3337529 
0.011140834 
-0.021788988 
0.23195016 
0.48347372 
-0.023923615 
0.71493995 
0.0018449086 
0.5488737 
0.028958816 
-0.04157023 
0.7865176 
0.12324679 
0.7265163 
0.013386653 
0.38979048 
0.6160726 
-0.041000124 
0.7139102 
-0.014982969 
0.08027912 
0.36253986 
0.18480843 
-0.01931867 
0.121826254 
0.072820336 
0.19881493 
0.18702279 
-0.0042337333 
0.18606459 
0.75924855 
0.67313206 
0.025122792 
0.42782304 
0.04395169 
0.004100715 
0.028236046 
-0.012014154 
0.7994728 
0.005050652 
0.37990358 
-0.037182838 
0.614021 
0.08541732 
0.009399351 
0.08444571 
0.39641517 
0.088094465 
0.029389923 
0.17538774 
0.32505056 
0.0022489561 
0.69648254 
0.118598044 
0.4561536 
0.03045008 
0.141297 
0.018535288 
0.035084233 
0.4724944 
-0.015728384 
