0.2032798 
0.108373284 
0.28774428 
0.2927379 
0.16134685 
0.09253555 
0.25549114 
0.040236212 
0.30056572 
0.666168 
0.15824014 
0.31205493 
0.1375638 
0.10704538 
0.23414898 
0.041673645 
0.29071957 
0.14337811 
0.22716416 
0.11484508 
0.05798407 
0.08282208 
0.109754816 
0.063067906 
0.0619851 
0.29011732 
0.2682158 
0.24710949 
0.12594746 
0.1983078 
0.3157385 
0.18942757 
0.056192636 
0.06543953 
0.038078044 
0.17779438 
0.08914676 
0.06334134 
0.07163654 
0.21170273 
0.17887901 
0.12763458 
0.59206796 
0.19437978 
0.38108888 
0.29003313 
0.06186564 
0.23621342 
0.16651241 
0.12784912 
0.3378959 
0.196042 
0.3174917 
0.24697782 
0.20063542 
0.29029107 
0.49037704 
0.08627009 
0.121966004 
0.27808285 
0.103300884 
0.1325616 
0.047661077 
0.8258064 
0.31996074 
0.19061403 
0.08668696 
0.08472548 
0.12806764 
0.14325646 
0.093197554 
0.09157211 
0.052981805 
0.06504215 
0.14994463 
0.38015914 
0.17148417 
0.08098316 
0.09618892 
0.14663687 
0.53249526 
0.1774464 
0.09595578 
0.18338485 
0.33873543 
0.07569846 
0.070329845 
0.08201214 
0.048933305 
0.3870503 
0.15872657 
0.25485677 
0.16094786 
0.07884495 
0.068841174 
0.20456396 
0.20611104 
0.14665572 
0.15181363 
0.11021597 
0.063500874 
0.2764691 
0.104059875 
0.1437177 
0.1866208 
0.2047835 
0.14064823 
0.16630284 
0.13569601 
0.063220285 
0.10786108 
0.15196575 
0.33653954 
0.10849143 
0.25565597 
0.10410242 
0.13802856 
0.15851654 
0.15002505 
0.10266663 
0.25930727 
0.04575314 
0.097772375 
0.07527001 
0.24795711 
0.24065676 
0.036824316 
0.11768466 
0.2268799 
0.08493275 
0.22605021 
0.086468935 
0.18323803 
0.31753463 
0.05051517 
0.077414215 
0.079101644 
0.1300125 
0.23653385 
0.19988298 
0.039462492 
0.25269568 
0.15745565 
0.12636739 
0.3316591 
0.26127264 
0.106474355 
0.15923326 
0.12057827 
0.051388387 
0.22522715 
0.08872343 
0.056930497 
0.22956593 
0.036967587 
0.19420491 
0.2731691 
0.19932768 
0.14044611 
0.07304727 
0.25598824 
0.19965598 
0.09438785 
0.15058476 
0.10358199 
0.13779368 
0.056864556 
0.09144435 
0.040916592 
0.09523004 
0.17205341 
0.26333436 
0.083301894 
0.19572985 
0.11925556 
0.15281278 
0.2599811 
0.079079695 
0.30084294 
0.07235355 
0.16425359 
0.21730527 
0.08386583 
0.11300779 
0.74176496 
0.13237245 
0.054776628 
0.15987253 
0.1137869 
0.12986319 
0.12366559 
0.055030145 
0.100989096 
0.2575398 
0.25936222 
0.062302414 
0.13426259 
0.1316477 
0.055025198 
0.32366112 
0.20131965 
0.10665986 
0.05130437 
0.2579599 
0.07167884 
0.19221807 
0.117565736 
0.84464324 
0.3833216 
0.47451484 
0.10017392 
0.12314951 
0.1940144 
0.22825406 
0.05339464 
0.15672 
0.3308499 
0.106925204 
0.06868319 
0.050599992 
0.09535708 
0.09971814 
0.37966534 
0.07819921 
0.21107438 
0.07187482 
0.11395112 
0.044177774 
0.18282646 
0.20757654 
0.30094334 
0.1796738 
0.030283846 
0.49020603 
0.11081944 
0.25833115 
0.24380372 
0.28174013 
0.22222249 
0.085686855 
0.09845104 
0.24435006 
0.085512914 
0.08467048 
0.06622479 
0.15458305 
0.26903486 
0.09200342 
0.26601717 
0.08475681 
0.23116028 
0.12330343 
0.1528288 
0.26466924 
0.106323235 
0.17592542 
0.12461078 
0.056018114 
0.20306657 
0.39246574 
0.36116582 
0.083004266 
0.09606626 
0.20590332 
0.072388254 
0.18189631 
0.20315543 
0.1636489 
