0.14032939 
0.018269377 
0.35366616 
0.09512465 
0.45784545 
0.3692813 
0.39639252 
0.092063166 
0.36268675 
0.40164563 
0.33229268 
0.44716135 
0.2499449 
0.42525324 
0.31304264 
0.26536494 
0.27704847 
0.4487994 
0.32598928 
0.29586193 
0.4766039 
0.15165263 
0.19913207 
0.0122516975 
0.1527198 
0.31582734 
0.04586644 
0.3610316 
0.28978947 
0.23219253 
0.119946696 
0.15113005 
0.17800891 
0.13204151 
0.077762574 
0.2816147 
0.052774515 
0.21566421 
0.23587637 
0.3469639 
-0.028717862 
0.13303147 
0.46563601 
0.3220153 
0.2588563 
0.3135297 
0.39897266 
0.20424284 
0.12935887 
0.19384675 
0.38341454 
0.24382295 
0.30629426 
0.16527693 
0.28403538 
0.1901865 
0.3727489 
0.3046631 
0.2595346 
0.44456047 
0.1664214 
0.2759707 
0.041203953 
0.59610265 
0.42494863 
0.4429362 
0.3856509 
0.41652948 
0.20405412 
0.37325525 
0.38222265 
0.23119532 
0.40754747 
0.47473633 
0.29068393 
0.42377034 
0.21937825 
0.12923923 
0.11267263 
0.1366741 
0.21391904 
0.21100098 
0.45318618 
0.32315534 
0.23203538 
0.22776571 
0.47806212 
0.37950405 
0.26223326 
0.16055806 
0.36383647 
0.23433416 
0.103604995 
0.40554464 
0.29892492 
0.040774483 
0.2557127 
0.35764894 
0.27213773 
0.14203298 
0.18707766 
0.07482164 
0.05038321 
-0.07508077 
0.19554964 
0.18307705 
0.22231247 
0.5260629 
0.13694012 
0.41638353 
0.14075904 
0.17695141 
0.27160203 
0.45924127 
0.20562464 
0.22236493 
0.46563482 
0.30775955 
0.24716866 
0.10246601 
0.37790257 
0.2494403 
0.35164607 
0.45786718 
0.4107385 
0.06673874 
0.28308064 
0.15711664 
0.42460224 
0.5410316 
0.16613597 
0.022701852 
0.28322703 
0.4684059 
0.090932414 
0.4764288 
0.118644565 
0.26009995 
0.2562278 
0.19862479 
0.29316005 
0.2026376 
0.57298905 
0.06987535 
0.39578804 
-0.051909175 
0.13777953 
0.14794435 
0.37961447 
0.44553095 
0.13132279 
0.3557557 
0.255699 
0.2895447 
0.33153203 
0.2683966 
0.182828 
0.43176267 
0.22199462 
0.26864034 
0.0068671806 
0.19255465 
0.24192469 
0.03285001 
0.15256481 
0.56020623 
0.4224791 
0.101320334 
0.49670568 
0.3781262 
0.3136955 
0.40537465 
0.3527176 
0.085114665 
0.03865234 
0.46436247 
0.16568391 
0.3814831 
0.18860406 
0.4807734 
0.37901348 
0.39582407 
0.17526165 
-0.013136387 
0.4886119 
0.37562644 
0.5393606 
0.41766125 
0.41511723 
0.29342905 
0.19863117 
0.30771038 
-0.00031274292 
0.27873108 
0.3143956 
-0.012497356 
0.20245402 
0.41775435 
0.2715076 
0.37917465 
0.52295256 
0.10145668 
0.058297988 
0.44215178 
0.43640497 
0.04718808 
0.14765832 
0.38943136 
0.5288287 
0.36133987 
0.08841498 
0.1595091 
0.30312946 
0.36250198 
0.16824171 
0.24553928 
0.32438436 
0.124481976 
0.54269814 
0.26693228 
0.44846672 
0.2710447 
0.2885639 
0.43890542 
0.16865087 
0.19867721 
0.23091601 
0.22317693 
0.42393044 
0.17606656 
0.17384954 
0.16363093 
0.19762954 
0.5238143 
0.10857713 
0.259557 
0.31008124 
0.22926404 
0.28031415 
0.4993798 
0.5045556 
0.24086569 
0.37585762 
0.41126046 
0.5169087 
0.20135486 
0.404698 
0.37160268 
0.21089138 
0.1166584 
0.032407045 
0.12071888 
0.39088807 
0.42272955 
0.25060618 
0.4735654 
0.3840525 
0.40470606 
0.3145226 
0.15094332 
0.38389853 
0.20233758 
0.032050956 
-0.035866372 
0.053107217 
0.13937914 
0.2505023 
0.4637949 
