0.02324798 0.016282694 
0.026812201 0.020038858 
0.016228566 0.013056057 
0.025612116 0.018301122 
0.042275667 0.057679955 
0.015174033 0.01059218 
0.014483154 0.025192102 
0.0350906 0.02314842 
0.019495144 0.016159503 
0.02503968 0.027788132 
0.011847959 0.015760373 
0.03470111 0.014223547 
0.010277414 0.014230305 
0.027578458 0.014088359 
0.01662008 0.012286848 
0.013061972 0.013751886 
0.056291398 0.048506767 
0.023637258 0.02508004 
0.012589873 0.024958355 
0.048164174 0.014375475 
0.02821456 0.022062622 
0.041509036 0.0146338 
0.040729422 0.01945344 
