0.17438984 
0.17975661 
0.26992923 
0.36403638 
0.19475378 
0.09069803 
0.4098954 
0.07673614 
0.30014372 
0.5576832 
0.09358354 
0.32110357 
0.15692607 
0.10946957 
0.21536429 
0.09883461 
0.29748634 
0.1178265 
0.27109075 
0.12351512 
0.063295335 
0.09770242 
0.1492278 
0.0889545 
0.092765495 
0.262019 
0.19708282 
0.2880933 
0.14041476 
0.25045705 
0.3325158 
0.24616975 
0.10229109 
0.12280409 
0.051116053 
0.20411026 
0.10706481 
0.07782837 
0.059311017 
0.21853903 
0.18894441 
0.22503686 
0.5329932 
0.28643537 
0.41018358 
0.29160687 
0.06186917 
0.22112866 
0.12727131 
0.13402589 
0.39882722 
0.15337671 
0.35969114 
0.24927732 
0.25427112 
0.15801622 
0.5949252 
0.14442818 
0.14086856 
0.1816404 
0.061128058 
0.20501642 
0.115969695 
0.4780555 
0.28734133 
0.20969494 
0.08101373 
0.0876712 
0.072940186 
0.2444343 
0.10858782 
0.11196312 
0.1121411 
0.12023103 
0.13651957 
0.40937972 
0.18080634 
0.10702632 
0.09428147 
0.15649208 
0.5342847 
0.2340297 
0.09569673 
0.18278857 
0.23616989 
0.083710134 
0.09917587 
0.099158235 
0.1498458 
0.43858197 
0.096524365 
0.34081158 
0.15264484 
0.07865733 
0.100681424 
0.25276726 
0.20003848 
0.15120569 
0.19307321 
0.14804257 
0.0884547 
0.34303 
0.13558806 
0.20884089 
0.16161099 
0.26669633 
0.08581701 
0.16535154 
0.16447638 
0.050069537 
0.1206357 
0.2460922 
0.29703537 
0.12881657 
0.20754063 
0.14713623 
0.10698365 
0.13547345 
0.15443636 
0.11603918 
0.26183578 
0.046450857 
0.076710515 
0.086889856 
0.28075546 
0.26847085 
0.062835336 
0.13464923 
0.22045039 
0.08872565 
0.25271034 
0.14537859 
0.21382482 
0.37557262 
0.05352315 
0.0665759 
0.09355069 
0.11859213 
0.29590154 
0.23702991 
0.09866569 
0.1347936 
0.06372681 
0.09244188 
0.3816489 
0.31306762 
0.09733372 
0.1908787 
0.1131753 
0.14080305 
0.22671212 
0.10630813 
0.06493605 
0.30033782 
0.07089661 
0.25162113 
0.19743575 
0.2320453 
0.1223755 
0.11042218 
0.23850478 
0.26419374 
0.20170084 
0.052329652 
0.13872282 
0.09429771 
0.063170426 
0.12748294 
0.0368886 
0.086860925 
0.17389204 
0.27684197 
0.08305251 
0.21293479 
0.13826177 
0.14302541 
0.27214703 
0.10950332 
0.31933954 
0.0677755 
0.1576973 
0.21149038 
0.38646683 
0.13544288 
0.7294119 
0.12844023 
0.06228961 
0.15833153 
0.0974361 
0.1697275 
0.21171588 
0.088997796 
0.1280324 
0.44252297 
0.28603724 
0.026256055 
0.17450108 
0.1284051 
0.07588732 
0.28943294 
0.16044293 
0.11512942 
0.11102343 
0.23793241 
0.07488541 
0.25006717 
0.12944861 
0.75669295 
0.216051 
0.2201059 
0.1540288 
0.17027977 
0.1462212 
0.3242108 
0.11556348 
0.23314217 
0.33617485 
0.045739274 
0.07900505 
0.077088095 
0.10807433 
0.14334068 
0.2872455 
0.15566857 
0.247393 
0.18905729 
0.13525936 
0.049003217 
0.24022077 
0.20531964 
0.25609767 
0.20353347 
0.07850597 
0.38575214 
0.14528416 
0.25219047 
0.07300794 
0.3637649 
0.35206854 
0.07905761 
0.18250489 
0.22824703 
0.21469457 
0.098876365 
0.07633311 
0.20126043 
0.27372566 
0.116188474 
0.29815042 
0.09546617 
0.27653742 
0.16176645 
0.16830625 
0.2836066 
0.15151377 
0.14537768 
0.1428016 
0.0741035 
0.19895838 
0.46292594 
0.40763614 
0.09553505 
0.1187656 
0.16684349 
0.07974769 
0.22440328 
0.19733645 
0.17610939 
