0.055567995 0.025589135 
0.029104024 0.0180745 
0.013512806 0.014146144 
0.03475105 0.016370472 
0.049134515 0.06770281 
0.009187384 0.010829477 
0.021705898 0.031323154 
0.02281439 0.028923944 
0.014217995 0.0139796585 
0.027741222 0.03325457 
0.019367531 0.01805985 
0.016831817 0.009642285 
0.015030915 0.015358662 
0.02902999 0.01485801 
0.026193716 0.010442073 
0.01555448 0.016288526 
0.08207275 0.063818775 
0.016594939 0.032111842 
0.024284314 0.026782893 
0.08084668 0.04787468 
0.047370616 0.027386708 
0.026560538 0.016356412 
0.045332886 0.021398924 
