0.26872128 
0.115837075 
0.20001447 
0.35660785 
0.23474135 
0.08424927 
0.2566321 
0.01975684 
0.29710588 
0.50495785 
0.13207613 
0.34788656 
0.15622135 
0.11547808 
0.27276835 
0.044785187 
0.29056883 
0.16801779 
0.21691038 
0.11814312 
0.060944233 
0.11832158 
0.12672432 
0.11500376 
0.029490728 
0.2824511 
0.26597777 
0.25837117 
0.10786913 
0.21168253 
0.30939642 
0.22171219 
0.081401184 
0.08522809 
0.0441675 
0.15591505 
0.08165957 
0.05066551 
0.078422196 
0.24218145 
0.21144599 
0.106654026 
0.6399738 
0.20453355 
0.2894565 
0.23482205 
0.06843288 
0.19773458 
0.12065922 
0.12480197 
0.4487875 
0.17505917 
0.32974112 
0.22394024 
0.19519758 
0.29635677 
0.4618431 
0.1441689 
0.11990049 
0.22051999 
0.117855996 
0.14287268 
0.055826925 
1.1285608 
0.31336865 
0.2065113 
0.08331531 
0.08667408 
0.1219354 
0.18220592 
0.0834955 
0.07791462 
0.055192318 
0.08866859 
0.12913479 
0.3631331 
0.1676808 
0.09230799 
0.07869642 
0.15175705 
0.44137132 
0.14680073 
0.07452036 
0.16303247 
0.36817476 
0.10003505 
0.103332445 
0.071641654 
0.09599955 
0.4432341 
0.11836216 
0.23492965 
0.2236345 
0.0863057 
0.08129385 
0.19865665 
0.09908573 
0.12487339 
0.12261096 
0.07730701 
0.21374604 
0.33847094 
0.08996044 
0.17642659 
0.14117229 
0.34820735 
0.11156183 
0.18738197 
0.14322965 
0.06783253 
0.09818803 
0.10956335 
0.3159013 
0.13781632 
0.20098107 
0.108729586 
0.12085698 
0.13619977 
0.113902204 
0.08250623 
0.24762292 
0.07081142 
0.08682831 
0.08188772 
0.24257763 
0.23479013 
0.04511184 
0.11054534 
0.16954096 
0.08048541 
0.18719791 
0.08330292 
0.19272801 
0.36279717 
0.08232189 
0.07234222 
0.11049513 
0.078577206 
0.2617564 
0.24266833 
0.066954955 
0.28349507 
0.072687864 
0.19942254 
0.38428828 
0.20850343 
0.09409968 
0.19540158 
0.124059595 
-0.0050923484 
0.20355979 
0.09661666 
0.055883806 
0.26567182 
0.09660484 
0.20235378 
0.27054244 
0.15153283 
0.12080271 
0.046712503 
0.2407862 
0.24504212 
0.13600644 
0.14037985 
0.08537638 
0.14512527 
0.05295874 
0.07893764 
0.045591168 
0.11532039 
0.19768699 
0.3693094 
0.09371903 
0.19595574 
0.11377367 
0.12954672 
0.28506207 
0.12096613 
0.31074694 
0.08843053 
0.15191081 
0.24004282 
0.118365906 
0.12315644 
0.6194978 
0.14483827 
0.05491428 
0.16552836 
0.10218308 
0.15454839 
0.1857409 
0.09730018 
0.10916329 
0.1902011 
0.23802648 
0.035215747 
0.12465796 
0.12110156 
0.0785728 
0.27452174 
0.27116805 
0.10762158 
0.13550304 
0.27145118 
0.07658678 
0.24157916 
0.10335996 
0.60559523 
0.33382708 
0.4149977 
0.101542555 
0.12300785 
0.14518303 
0.23302327 
0.046698663 
0.14577878 
0.29471347 
0.03290697 
0.07310763 
0.05309041 
0.0931599 
0.119140506 
0.3261162 
0.08065693 
0.25780243 
0.15160897 
0.13058189 
0.07650951 
0.17074037 
0.21732709 
0.2713324 
0.13984595 
0.056624115 
0.45377764 
0.094163224 
0.24275176 
0.276797 
0.17762226 
0.18510829 
0.08422779 
0.11222727 
0.1949001 
0.08376578 
0.11635455 
0.06442227 
0.21959507 
0.26466373 
0.1163838 
0.32186183 
0.08260945 
0.21204384 
0.13953686 
0.14987375 
0.29618227 
0.12898472 
0.1614171 
0.09935774 
0.09265218 
0.16948085 
0.43787766 
0.34289277 
0.1001029 
0.103985965 
0.071733736 
0.087180786 
0.20111935 
0.15760298 
0.2955136 
