0.09815484 
0.40964118 
0.10169601 
0.503545 
0.3223143 
0.16213414 
0.2628284 
0.47416717 
0.74705607 
0.15162963 
0.15570039 
0.4408575 
0.26986834 
0.12931311 
0.36945334 
0.38523668 
0.57286096 
0.26084903 
0.4454586 
0.20908839 
0.07143994 
0.35201237 
0.16176404 
0.23192376 
0.1933771 
0.08462094 
0.45274198 
0.641148 
0.30344453 
0.10915392 
0.44611925 
0.169616 
0.13975592 
0.1334744 
0.29750344 
0.22182424 
0.21267492 
0.2889303 
0.22587998 
0.5725738 
0.27354 
0.2515485 
0.8708859 
0.45315632 
0.3188985 
0.33365273 
0.1427737 
0.41551223 
0.3377919 
0.19762628 
0.7670069 
0.1513831 
0.15301368 
0.33116734 
0.65847224 
0.088759564 
0.8864954 
0.15615171 
0.24046783 
0.14668031 
0.062361598 
0.6634726 
0.45579174 
0.9174915 
0.29011786 
0.32774264 
0.12221288 
0.13612385 
0.27303174 
0.31475863 
0.19863464 
0.09884114 
0.19187158 
0.16597793 
0.22331956 
0.20750593 
0.26960903 
0.21853365 
0.15939532 
0.16246058 
0.81568 
0.22586939 
0.14136967 
0.2278819 
0.14588003 
0.23452094 
0.15322915 
0.111714415 
0.32010746 
0.46152833 
0.44133258 
0.17486346 
0.38683546 
0.09928595 
0.27881885 
0.27898332 
0.42042845 
0.29861584 
0.09474205 
0.16578782 
0.50981367 
0.41263357 
0.1966023 
0.34458548 
0.21809648 
0.63564974 
0.34401864 
0.3829164 
0.13584097 
0.14338714 
0.31878906 
0.53428566 
0.2380567 
0.1993374 
0.21514668 
0.19881283 
0.083258055 
0.1556842 
0.21885626 
0.15080327 
0.57987064 
0.21658666 
0.1451513 
0.13600789 
0.17687367 
0.15994744 
0.19591884 
0.33662206 
0.07525224 
0.115256436 
0.22543567 
0.40759298 
0.15123564 
0.28671998 
0.039306637 
0.13610063 
0.1381219 
0.33774775 
0.13417725 
0.28932026 
0.1436206 
0.099104755 
0.31831732 
0.11275868 
0.78396505 
0.3453532 
0.23890181 
0.38104066 
0.17418155 
0.72292954 
0.41046414 
0.13382418 
0.18681896 
0.09762227 
0.24368514 
0.42255273 
0.24239148 
0.3258814 
0.33230388 
0.037833504 
0.54591477 
0.526497 
0.21800299 
0.29154536 
0.19540924 
0.2553896 
0.20224178 
0.49207008 
0.08853956 
0.2537092 
0.21929143 
0.21492971 
0.1303371 
0.42346457 
0.29364973 
0.2137119 
0.32312733 
0.07016694 
0.21253742 
0.14641227 
0.109694295 
0.40416953 
0.69106454 
0.38996583 
0.77234036 
0.28201905 
0.06721427 
0.25356218 
0.2697417 
0.13453747 
0.19969866 
0.081650525 
0.277 
0.53399676 
0.45072833 
0.16106842 
0.31472743 
0.20276557 
0.08668554 
0.3313432 
0.23607267 
0.31227148 
0.32781243 
0.37607086 
0.1488968 
0.30276316 
0.32132772 
0.6742737 
0.3268516 
0.48102692 
0.4109302 
0.16325763 
0.2036783 
0.118472174 
0.28205845 
0.05929956 
0.16844177 
0.29687324 
0.116348654 
0.18189648 
0.07583909 
0.14343809 
0.73324895 
0.06505172 
0.29222354 
0.14198816 
0.22971117 
0.19908036 
0.120941125 
0.33453605 
0.23504528 
0.40332982 
0.21785754 
0.57025194 
0.18719676 
0.20593838 
0.5927402 
0.19965045 
0.18305264 
0.1073171 
0.4057951 
0.11965647 
0.17235342 
0.05170051 
0.08921529 
0.08141226 
0.313071 
0.25960705 
0.13303356 
0.26455265 
0.5689583 
0.26023498 
0.19461069 
0.49609396 
0.35933354 
0.5018122 
0.1125282 
0.26849997 
0.25164104 
0.6027575 
0.25280318 
0.269492 
0.23059602 
0.26764068 
0.43426085 
0.310342 
0.17257084 
0.5735365 
