0.9378998 0.96655506 
0.9496002 0.9755815 
0.937914 0.96246874 
0.965375 0.9754546 
0.9544513 0.95433885 
0.9617903 0.9813864 
0.9229274 0.9693677 
0.94410443 0.9746602 
0.9485837 0.981095 
0.95302635 0.96252733 
0.96932906 0.98150426 
0.9582155 0.9734895 
0.93305194 0.96399194 
0.89527524 0.9105285 
0.92511714 0.9394759 
0.95397884 0.96803737 
0.94476664 0.97732764 
0.9696436 0.97803295 
0.9319711 0.97458565 
0.9557502 0.9751858 
0.94821215 0.96003824 
0.93848515 0.96626616 
0.9573813 0.9835425 
