0.9264352 
0.95171595 
0.7293042 
0.7568858 
0.8344436 
0.8702114 
0.8899394 
0.0 
0.6899939 
0.786728 
0.78185284 
0.5449561 
0.7334828 
0.8373694 
0.79711765 
0.89377403 
0.6632959 
0.62296253 
0.34110677 
0.39447466 
0.81524235 
0.51905596 
0.7989012 
0.775571 
0.7260246 
0.51368713 
0.35291487 
0.85756606 
0.8774321 
0.31611976 
0.77105534 
0.94663554 
0.5538079 
0.8292664 
0.12982789 
0.9031316 
0.67989737 
0.39315793 
0.9043167 
0.91796714 
0.24549109 
0.8040504 
0.63869894 
0.91180956 
0.5944582 
0.77524453 
0.5267419 
0.74407655 
0.067994125 
0.6727881 
0.88465893 
0.69964194 
0.71220964 
0.87025094 
0.9158503 
0.12714404 
0.88824165 
0.0 
0.8015211 
0.84491307 
0.2456688 
0.28860795 
0.7752991 
0.5714819 
0.49683642 
0.25323352 
0.942589 
0.79231364 
0.61850435 
