0.88676363 
0.95306766 
0.9306285 
0.80336475 
0.8884381 
0.9139062 
0.82772255 
0.9254427 
0.7889808 
0.93681043 
0.92307997 
0.8946002 
0.8822351 
0.9249628 
0.8046773 
0.8810141 
0.9558048 
0.86828935 
0.89124006 
0.88525486 
0.902926 
0.93095917 
0.8161711 
0.92555106 
0.93379825 
0.95260507 
0.90706104 
0.9066376 
0.8460664 
0.8827558 
0.8683012 
0.9108849 
0.9523639 
0.8733372 
0.90187395 
0.872599 
0.7285164 
0.8658667 
0.95813096 
0.94931835 
0.9082667 
0.8385321 
0.90916264 
0.8533174 
0.87855357 
0.90648717 
0.86258227 
0.90164655 
0.891568 
0.8400519 
0.87338483 
0.8201768 
0.9046398 
0.6998143 
0.8207571 
0.84196347 
0.9095606 
0.9097938 
0.9618651 
0.94852674 
0.9125746 
0.92641336 
0.86782306 
0.9439759 
0.9577657 
0.897665 
0.8795151 
0.93473935 
0.95187587 
0.81979555 
0.931327 
0.8339878 
0.8053313 
0.91904145 
0.8429934 
0.88884693 
0.7919252 
0.95137787 
0.732541 
0.9508252 
0.94935656 
0.92793304 
0.8291496 
0.9434075 
0.9472008 
0.9576305 
0.8902617 
0.7821936 
0.9234099 
0.935414 
0.90466917 
0.9295657 
0.94962204 
0.910321 
0.90796345 
0.9316778 
0.96227616 
0.938404 
0.87952876 
0.96445143 
0.93150645 
0.94220763 
0.89514464 
0.86296666 
0.8677517 
0.92885375 
0.93608236 
0.91009516 
0.80199736 
0.82065076 
0.9176735 
0.7319474 
0.91717637 
0.9217818 
0.8458641 
0.5047624 
0.83619785 
0.8336017 
0.92790926 
0.85671836 
0.7889524 
0.8239284 
0.656938 
0.8553513 
0.93619764 
0.90364724 
0.9081057 
0.8850115 
0.86026424 
0.84762555 
0.8777286 
0.91465527 
0.8916094 
0.6416238 
0.9180863 
0.85357344 
0.8875515 
0.8717534 
0.8821822 
0.93973 
0.7993927 
0.8851783 
0.89701843 
0.84037083 
0.9351032 
0.88922757 
0.87595123 
0.9025878 
0.87536573 
0.83227885 
0.736969 
0.9277577 
0.96242744 
0.8992458 
0.88381875 
0.8954343 
0.5436149 
0.85219437 
0.91209364 
0.8378192 
0.89539564 
0.9253337 
0.8736738 
0.7719616 
0.9242373 
0.8163196 
0.8907441 
0.9097226 
0.8452555 
0.9448065 
0.90433496 
0.8814915 
0.9147843 
0.79504275 
0.90817696 
0.8381671 
0.96232194 
0.964452 
0.9369098 
0.86161983 
0.85235184 
0.9390873 
0.9558763 
0.8762904 
0.88627815 
0.85146016 
0.81235784 
0.9456841 
0.89410037 
0.8434927 
0.9346888 
0.8031472 
0.89031684 
0.9288268 
0.8942191 
0.93086874 
0.93735003 
0.73671454 
0.83132577 
0.8348894 
0.9432285 
0.83523816 
0.9310094 
0.9392483 
0.9324519 
0.88322437 
0.850053 
0.96161145 
0.90298367 
0.91387767 
0.8396613 
0.92502016 
0.8355697 
0.96016836 
0.94164073 
0.7595751 
0.90959054 
0.8448516 
0.9145708 
0.95311636 
0.8990589 
0.869882 
0.9331002 
0.880239 
0.91311103 
0.8387154 
0.91350186 
0.6142509 
0.9345938 
0.8443513 
0.9434086 
0.94776535 
0.90286994 
0.70387423 
0.8677852 
0.13201724 
0.76148427 
0.774046 
0.9336362 
0.7561901 
0.8164726 
0.86685747 
0.9351721 
0.9099913 
0.9443688 
0.95676357 
0.9008515 
0.8012247 
0.9562218 
0.89259684 
0.7671156 
0.83345073 
0.8742924 
0.906608 
0.8038571 
0.84411526 
0.83382535 
0.85506946 
0.7329159 
0.8850944 
0.9164592 
0.95807576 
0.9102512 
0.9241212 
0.95209426 
0.94626945 
0.89479357 
0.9314255 
