0.9417779 
0.91864043 
0.9113782 
0.7484975 
0.89561355 
0.88830256 
0.88584805 
0.8653977 
0.7516965 
0.9104267 
0.9254822 
0.91534346 
0.89173883 
0.91720057 
0.66325766 
0.8383284 
0.83721775 
0.83125186 
0.89068335 
0.914779 
0.85201955 
0.9333581 
0.73056996 
0.85550195 
0.9115912 
0.8266648 
0.94443655 
0.8971114 
0.89343536 
0.77145183 
0.82976526 
0.9031308 
0.9033968 
0.9114727 
0.91645885 
0.77119863 
0.6679646 
0.8299275 
0.9497842 
0.92780375 
0.88082016 
0.92347836 
0.858123 
0.75776374 
0.87141347 
0.92954195 
0.8899187 
0.9140706 
0.9367784 
0.74333316 
0.73545635 
0.90566593 
0.8364863 
0.7664183 
0.89096475 
0.86414546 
0.93753475 
0.9138767 
0.9658575 
0.6380325 
0.87814736 
0.9261136 
0.83942056 
0.87454295 
0.92026716 
0.951842 
0.8531477 
0.9021313 
0.94785607 
0.86094934 
0.7544393 
0.8926285 
0.6280582 
0.82522064 
0.9355796 
0.9157663 
0.88263625 
0.89773405 
0.7905792 
0.9524596 
0.9572807 
0.896123 
0.942781 
0.8114489 
0.9586841 
0.95651025 
0.95080316 
0.5817717 
0.94657224 
0.96180826 
0.9208242 
0.9034024 
0.94691426 
0.88271433 
0.89144605 
0.9094348 
0.9284417 
0.9593688 
0.7748218 
0.9244557 
0.8776738 
0.9384739 
0.8552607 
0.86863035 
0.853993 
0.9448439 
0.92416424 
0.94711906 
0.8973066 
0.819346 
0.935772 
0.9113459 
0.90799904 
0.8556089 
0.8731351 
0.5640222 
0.8199193 
0.76437503 
0.89287865 
0.82311314 
0.7875717 
0.63240516 
0.76625353 
0.77886087 
0.94201934 
0.95589274 
0.822149 
0.92109704 
0.84451884 
0.87966037 
0.8245356 
0.93375725 
0.9369653 
0.74444526 
0.8495962 
0.7268902 
0.88422364 
0.9065892 
0.73882586 
0.92926645 
0.89679456 
0.87862283 
0.86184365 
0.6485866 
0.9050628 
0.8651089 
0.8998668 
0.8830499 
0.88929105 
0.93017066 
0.8079704 
0.9367621 
0.94288796 
0.91892034 
0.8880699 
0.9350957 
0.63168514 
0.7963045 
0.88003266 
0.7637391 
0.8627175 
0.7982682 
0.8708933 
0.86468583 
0.9319562 
0.917727 
0.8926845 
0.9188536 
0.8596066 
0.9050717 
0.94403803 
0.8551297 
0.9257963 
0.8319133 
0.9046869 
0.8679416 
0.9670589 
0.861903 
0.8873456 
0.9275251 
0.8367289 
0.9278629 
0.9197707 
0.8708002 
0.85863566 
0.9088149 
0.92085254 
0.9076153 
0.7724945 
0.8218989 
0.9543073 
0.89681923 
0.9459266 
0.85039395 
0.85254025 
0.91048324 
0.8937193 
0.6716937 
0.90053385 
0.87620217 
0.91426533 
0.75299054 
0.8976768 
0.92134094 
0.93793666 
0.8588058 
0.82743615 
0.9612064 
0.8896548 
0.7182085 
0.88208866 
0.82410127 
0.7795478 
0.9504118 
0.9400315 
0.82957715 
0.84865224 
0.8685811 
0.92529523 
0.94427395 
0.84597826 
0.9186749 
0.9183504 
0.7632748 
0.921432 
0.92817116 
0.8902453 
0.89258415 
0.9547976 
0.9453898 
0.92312115 
0.9031807 
0.842585 
0.5927511 
0.8837204 
0.0 
0.62685454 
0.8470343 
0.9516945 
0.7724264 
0.8948152 
0.93866646 
0.92062724 
0.84582037 
0.8942372 
0.9607421 
0.75704974 
0.87492496 
0.95158297 
0.92734116 
0.834196 
0.9126012 
0.9516505 
0.92642283 
0.8686479 
0.8186216 
0.7991065 
0.9163888 
0.6369205 
0.83016217 
0.8806218 
0.9641009 
0.8851503 
0.93918926 
0.92768335 
0.94092077 
0.91564745 
0.9442779 
