0.9354626 
0.9540478 
0.85597646 
0.63037235 
0.6620748 
0.7731255 
0.85970074 
0.5039969 
0.7289207 
0.8709309 
0.76939887 
0.49766237 
0.8065765 
0.51212996 
0.7549546 
0.8939509 
0.06506612 
0.13423184 
0.7503442 
0.8077128 
0.59486926 
0.49926957 
0.5696802 
0.83492196 
0.7743223 
0.45739546 
0.29120174 
0.81924576 
0.8543495 
0.73872054 
0.5297288 
0.90944827 
0.82431376 
0.12879278 
0.3613794 
0.9044918 
0.7729665 
0.0 
0.90046984 
0.8819085 
0.0 
0.13570024 
0.33529937 
0.85349774 
0.41045603 
0.7950174 
0.8731641 
0.71794295 
0.032336615 
0.5235494 
0.85994154 
0.510468 
0.4353705 
0.65805304 
0.92093 
0.09549822 
0.89238703 
0.0 
0.38200748 
0.46125492 
0.10451246 
0.5628711 
0.8088351 
0.67456263 
0.83109087 
0.44122592 
0.93677044 
0.8038622 
0.56424856 
