0.88370335 
0.9566151 
0.8555123 
0.52312005 
0.8032535 
0.8455694 
0.8565127 
0.5130398 
0.6828527 
0.775127 
0.68386745 
0.812757 
0.69406337 
0.3161994 
0.7853648 
0.9358122 
0.0 
0.4423983 
0.6987364 
0.76707244 
0.8881043 
0.62517035 
0.4882306 
0.77902144 
0.6883287 
0.7529264 
0.5844101 
0.8216108 
0.8699867 
0.7403419 
0.71419823 
0.93658006 
0.8361831 
0.5385115 
0.5865052 
0.9049131 
0.7731428 
0.0 
0.909799 
0.8448781 
0.566204 
0.27970132 
0.38701132 
0.79057604 
0.669689 
0.81955254 
0.784089 
0.7094065 
0.06292148 
0.7102218 
0.8134074 
0.4821994 
0.5408138 
0.7905842 
0.9181187 
0.25764626 
0.86285216 
0.0 
0.65736234 
0.46327174 
0.22145632 
0.6400944 
0.6825529 
0.40044022 
0.7940166 
0.5286921 
0.9492773 
0.89028054 
0.5686167 
