0.8794879 
0.5107072 
0.36133632 
0.38548377 
0.79406965 
0.25098178 
0.6786339 
0.19675805 
0.05740569 
0.6588417 
0.7182384 
0.78525513 
0.4819522 
0.85486645 
0.72138137 
0.7392162 
0.42648855 
0.7116791 
0.06340909 
0.1895421 
0.6936221 
0.24331905 
0.27701327 
0.08673475 
0.57256395 
0.45330203 
0.6581613 
0.7948831 
0.8988931 
0.3291634 
0.45132512 
0.36983445 
0.094925344 
0.32175347 
0.21657048 
0.71030176 
0.5850651 
0.1822243 
0.8552701 
0.6588953 
0.07907264 
0.6385451 
0.01279148 
0.43299887 
0.6421285 
0.5887187 
0.24226165 
0.8560669 
0.010267285 
0.8506162 
0.1559339 
0.3458675 
0.66569924 
0.1707872 
0.5861553 
0.10283818 
0.7173158 
0.05709109 
0.82093966 
0.11975937 
0.5237307 
0.18045722 
0.65823877 
0.6368545 
0.64046645 
0.55362 
0.42942443 
0.7014731 
0.41812372 
