0.9784783 0.98893636 
0.9881544 0.9919796 
0.98109245 0.9886916 
0.96555376 0.98670405 
0.9748394 0.98558694 
0.98968804 0.9910683 
0.9900169 0.990656 
0.9737951 0.9878677 
0.9856611 0.98988956 
0.97933555 0.9850073 
0.9680753 0.9304243 
0.98778874 0.9921289 
0.98380154 0.9829215 
0.9679274 0.97302914 
0.9882479 0.99068743 
0.96633786 0.9662221 
0.98053515 0.98885804 
0.982093 0.9843786 
0.98172873 0.99122375 
0.99093395 0.99217826 
0.9810531 0.98584807 
0.990283 0.9905062 
0.98295504 0.9791582 
