0.8360694 
0.9190569 
0.7909825 
0.6939421 
0.6860884 
0.914746 
0.59064716 
0.8807055 
0.84615594 
0.9277522 
0.9045753 
0.9226859 
0.8807565 
0.8543789 
0.882735 
0.6571803 
0.9481219 
0.94271845 
0.73778045 
0.7247828 
0.76971763 
0.81964743 
0.647046 
0.9100687 
0.62687033 
0.86685824 
0.8174604 
0.90609676 
0.7876069 
0.8649788 
0.7925963 
0.87840915 
0.9740522 
0.8569924 
0.8392632 
0.80727595 
0.66617084 
0.8540733 
0.8316957 
0.78560495 
0.8200223 
0.7535161 
0.83632135 
0.7842276 
0.8456266 
0.8833877 
0.840496 
0.8988074 
0.6528411 
0.803472 
0.62037295 
0.6729204 
0.91016656 
0.58245486 
0.8469059 
0.7684602 
0.79658085 
0.7625576 
0.702343 
0.78753877 
0.856288 
0.72057 
0.7249648 
0.89232725 
0.93960756 
0.8762845 
0.93027663 
0.71059877 
0.7724434 
0.90380776 
0.9275647 
0.5622467 
0.63926226 
0.90299433 
0.93648833 
0.78119516 
0.56692874 
0.9484025 
0.5168799 
0.7219623 
0.7268535 
0.9253158 
0.82786167 
0.8797752 
0.9331479 
0.7287064 
0.8202221 
0.90026885 
0.8880545 
0.65337956 
0.90000075 
0.9098234 
0.70510066 
0.8510692 
0.796029 
0.89548844 
0.92759204 
0.88139343 
0.874519 
0.9456339 
0.8912484 
0.7291596 
0.9100755 
0.86633945 
0.78348327 
0.811614 
0.9182237 
0.71315664 
0.57568645 
0.38812584 
0.8585166 
0.78939927 
0.80160415 
0.93497235 
0.72326446 
0.47404283 
0.8696164 
0.67916495 
0.9111106 
0.8257317 
0.5999153 
0.7902985 
0.68202305 
0.86759967 
0.84426004 
0.67207056 
0.62562865 
0.84824914 
0.87291884 
0.78805524 
0.8531778 
0.9154239 
0.7393565 
0.45726076 
0.88462275 
0.84840536 
0.79195935 
0.68104595 
0.89930505 
0.8497554 
0.7103918 
0.7629981 
0.93750256 
0.8569925 
0.9231126 
0.87110084 
0.69175225 
0.7704991 
0.81098247 
0.8561676 
0.48757485 
0.83057165 
0.91768587 
0.81922984 
0.8600452 
0.7402519 
0.4438705 
0.80769175 
0.7120414 
0.8118582 
0.91229033 
0.7801177 
0.70231616 
0.6989947 
0.7364639 
0.754655 
0.8949915 
0.77987367 
0.7283656 
0.9195586 
0.807403 
0.90590847 
0.7602107 
0.6430182 
0.82855 
0.61562127 
0.69556946 
0.97704124 
0.878379 
0.8901317 
0.6984499 
0.71315473 
0.9467315 
0.8302676 
0.8097157 
0.66144353 
0.8351687 
0.9030227 
0.8956492 
0.8838425 
0.82436025 
0.7431682 
0.8886104 
0.93544817 
0.8720051 
0.73293453 
0.9006966 
0.69363874 
0.6830968 
0.7528641 
0.80594325 
0.7584343 
0.9420585 
0.8974062 
0.8411035 
0.6518972 
0.64458644 
0.70953673 
0.8941428 
0.85296094 
0.78364766 
0.9488369 
0.88804775 
0.79478747 
0.74875575 
0.7138054 
0.7117921 
0.55679226 
0.7032363 
0.84850806 
0.7686334 
0.8175927 
0.879623 
0.9093253 
0.7044151 
0.69906527 
0.8730592 
0.7452546 
0.85970014 
0.85509765 
0.6997409 
0.83629364 
0.8312854 
0.6927886 
0.6889504 
0.0 
0.3098995 
0.67769074 
0.795007 
0.8051561 
0.76435864 
0.68047684 
0.76498395 
0.6948871 
0.94280547 
0.75264806 
0.9355994 
0.74184287 
0.8605368 
0.8968016 
0.7872112 
0.81785077 
0.8391829 
0.7678567 
0.77713555 
0.6360021 
0.7044565 
0.7476837 
0.6945005 
0.81565547 
0.9318569 
0.7252704 
0.7793884 
0.82650375 
0.7373108 
0.7263955 
0.45500818 
0.90116334 
