0.98166794 0.98883396 
0.98817307 0.9860712 
0.98480743 0.9843526 
0.98910034 0.99201053 
0.9661579 0.9753102 
0.9846215 0.9898397 
0.9712068 0.98371184 
0.9799278 0.9891289 
0.9916651 0.9926249 
0.98464173 0.98632205 
0.9889536 0.9913799 
0.9876511 0.9899986 
0.97663945 0.9891793 
0.92491937 0.9280138 
0.9750242 0.9776977 
0.9855469 0.98405784 
0.9854176 0.98654085 
0.9909654 0.99018556 
0.98042816 0.99009734 
0.9849543 0.99208707 
0.983507 0.97379655 
0.9823232 0.98823255 
0.9730036 0.98989993 
