0.93748677 
0.9401722 
0.7975849 
0.48979998 
0.6716994 
0.61332417 
0.79426974 
0.45595795 
0.6415474 
0.81481 
0.9003698 
0.81172174 
0.76352745 
0.8728328 
0.701735 
0.8673515 
0.76701444 
0.785792 
0.6842242 
0.39456528 
0.64355314 
0.21049212 
0.65745234 
0.32791385 
0.53743035 
0.63460016 
0.3807975 
0.6305046 
0.8554674 
0.28057098 
0.56009394 
0.8241231 
0.7498821 
0.5329994 
0.28548363 
0.8863962 
0.6534578 
0.01970104 
0.86492693 
0.8322517 
0.22411855 
0.78591985 
0.117282934 
0.73537105 
0.63839257 
0.73938733 
0.6256416 
0.6795748 
0.023842996 
0.78808516 
0.7451906 
0.63977504 
0.7957078 
0.374526 
0.8823907 
0.16616616 
0.81574655 
0.038334895 
0.90105164 
0.4808356 
0.6908449 
0.3445876 
0.59837997 
0.6050176 
0.7746859 
0.38005528 
0.86694664 
0.7318656 
0.4102388 
