0.80140936 
0.8531329 
0.69148517 
0.50686866 
0.6778556 
0.8559751 
0.49542746 
0.7899566 
0.78179795 
0.8859483 
0.8952707 
0.8487907 
0.8281914 
0.80314237 
0.75243616 
0.6650398 
0.9215072 
0.869634 
0.70944065 
0.6243238 
0.7405186 
0.8211146 
0.65704054 
0.8422918 
0.67875654 
0.750559 
0.7377821 
0.8720575 
0.53099555 
0.8727162 
0.75395894 
0.82939976 
0.90600926 
0.71066546 
0.75774866 
0.72642493 
0.59919155 
0.84673524 
0.7509957 
0.77173835 
0.75370055 
0.7233316 
0.86331064 
0.5972604 
0.83814305 
0.78103584 
0.8014548 
0.69850487 
0.6416898 
0.685656 
0.5865144 
0.6620013 
0.8894816 
0.529304 
0.86445534 
0.4486935 
0.76789063 
0.77052045 
0.6915451 
0.687645 
0.76233107 
0.63603234 
0.69012415 
0.8407062 
0.91099745 
0.8344471 
0.9066507 
0.7176461 
0.7061126 
0.7800877 
0.9443025 
0.53180957 
0.62033343 
0.90508103 
0.8568594 
0.70257527 
0.49053797 
0.9184523 
0.5385679 
0.6805972 
0.70928305 
0.91972524 
0.72639334 
0.69258535 
0.93192756 
0.7080554 
0.8349896 
0.86227345 
0.90307814 
0.65720683 
0.80937713 
0.8681428 
0.7103212 
0.7387746 
0.7583066 
0.8851006 
0.89600176 
0.8408869 
0.876539 
0.86939865 
0.87274015 
0.70200807 
0.8766647 
0.7716086 
0.7446564 
0.7108826 
0.8409528 
0.61768895 
0.63527095 
0.46805802 
0.9003472 
0.5985045 
0.70614135 
0.84393865 
0.64012814 
0.47372025 
0.7195115 
0.5534278 
0.8604862 
0.7118448 
0.6373775 
0.70257604 
0.648725 
0.795728 
0.7571415 
0.573591 
0.6478882 
0.83931303 
0.8026273 
0.7723739 
0.72010475 
0.90234643 
0.75332457 
0.39540806 
0.8138354 
0.776439 
0.65752715 
0.6850604 
0.7700683 
0.768692 
0.650848 
0.7489119 
0.8504788 
0.80484456 
0.91421986 
0.7457584 
0.6769016 
0.7389588 
0.7325172 
0.8343724 
0.52593654 
0.73225594 
0.8470834 
0.8036738 
0.83084416 
0.69443035 
0.4995861 
0.7436058 
0.6904132 
0.70469385 
0.9234419 
0.73313504 
0.65639734 
0.6270212 
0.65181035 
0.64541304 
0.84158516 
0.78187966 
0.7581122 
0.86463016 
0.7900469 
0.89157504 
0.65942585 
0.60169786 
0.84699476 
0.48863688 
0.6964181 
0.9199792 
0.73538935 
0.83715534 
0.6179012 
0.71042097 
0.88405246 
0.75141025 
0.7057546 
0.60860556 
0.76422095 
0.80553716 
0.82857263 
0.87674093 
0.756932 
0.7130302 
0.8248278 
0.87052196 
0.8415934 
0.7353475 
0.8592422 
0.7406151 
0.5934553 
0.6553591 
0.5577654 
0.7242673 
0.94390446 
0.891285 
0.7269654 
0.6441988 
0.6434267 
0.7099005 
0.82074684 
0.88518816 
0.76875126 
0.9174292 
0.7571611 
0.72296864 
0.6782079 
0.5148295 
0.69932175 
0.6276533 
0.67366683 
0.7059795 
0.7699144 
0.73645145 
0.7540512 
0.87182766 
0.64722806 
0.6444638 
0.8166343 
0.6418286 
0.77919024 
0.8235827 
0.7017748 
0.7769238 
0.79314077 
0.6042698 
0.717157 
0.0 
0.43490517 
0.54734296 
0.6709302 
0.6904964 
0.67982805 
0.62996924 
0.71348953 
0.7179634 
0.90265524 
0.70218474 
0.84588206 
0.7071053 
0.77540934 
0.7577929 
0.67639315 
0.52860254 
0.7518093 
0.6879405 
0.69884866 
0.61897343 
0.6786989 
0.7483849 
0.6890066 
0.5823389 
0.8924068 
0.7069315 
0.68416125 
0.8025476 
0.7361681 
0.71116656 
0.52291113 
0.86237663 
