0.87651384 
0.94801235 
0.9321483 
0.81967586 
0.9080606 
0.9196584 
0.8301283 
0.9394256 
0.74267197 
0.9419188 
0.92878604 
0.8899808 
0.8902388 
0.92440826 
0.81734514 
0.89305204 
0.9595743 
0.86859226 
0.8939798 
0.88100004 
0.8939115 
0.9221408 
0.81012225 
0.9276673 
0.9291518 
0.9451305 
0.91175234 
0.8943688 
0.8552626 
0.85628694 
0.8646219 
0.8974435 
0.9649085 
0.9005517 
0.9028666 
0.8492529 
0.7235466 
0.8501122 
0.9593817 
0.94799244 
0.90891105 
0.82815224 
0.90293723 
0.85838807 
0.89160424 
0.9254666 
0.8795155 
0.8507732 
0.9011824 
0.8601019 
0.855112 
0.85750365 
0.8939451 
0.7805335 
0.8195546 
0.8727813 
0.89896524 
0.9135116 
0.9658978 
0.9549668 
0.9057153 
0.9222824 
0.88286084 
0.93428415 
0.9458808 
0.87197155 
0.89176863 
0.9343444 
0.9495852 
0.8200397 
0.92270523 
0.8576245 
0.7482147 
0.9227742 
0.8334779 
0.89672804 
0.8053395 
0.9510978 
0.7308382 
0.95486027 
0.94933164 
0.9253602 
0.8323671 
0.9367485 
0.93006057 
0.9574461 
0.8923751 
0.8048383 
0.91997683 
0.93887496 
0.91482204 
0.9155198 
0.9463233 
0.91504943 
0.88224643 
0.91117626 
0.95867455 
0.9435394 
0.88392246 
0.9643208 
0.9283362 
0.9432175 
0.86985934 
0.86850256 
0.8539347 
0.9287696 
0.93629694 
0.8976786 
0.86778826 
0.8009808 
0.9302114 
0.74678195 
0.91310155 
0.9231284 
0.84300816 
0.5325362 
0.8347453 
0.8333675 
0.9098688 
0.86141837 
0.8129525 
0.83496356 
0.6896261 
0.8655693 
0.9339105 
0.8846501 
0.9063544 
0.8680434 
0.86564165 
0.868523 
0.90220547 
0.92336005 
0.88804 
0.65522325 
0.9248079 
0.82411975 
0.8932319 
0.88561034 
0.87422717 
0.94708294 
0.79210997 
0.8760111 
0.8585892 
0.85478055 
0.9321507 
0.8898524 
0.8567297 
0.90107346 
0.88939553 
0.82441986 
0.77498025 
0.93592936 
0.9569442 
0.91421795 
0.88211286 
0.90371406 
0.6754756 
0.8300036 
0.9377044 
0.83311445 
0.8885205 
0.9292911 
0.88862514 
0.7657053 
0.92044103 
0.804875 
0.9124439 
0.9009601 
0.81807274 
0.9408072 
0.91282135 
0.8970554 
0.91817886 
0.79307413 
0.9037696 
0.83934224 
0.9619754 
0.96323836 
0.93292856 
0.8463907 
0.8893341 
0.93715316 
0.9562214 
0.86585915 
0.8857038 
0.8667007 
0.798229 
0.9430809 
0.8556848 
0.83313954 
0.9455397 
0.8470857 
0.8571857 
0.934764 
0.8964621 
0.9283045 
0.93476254 
0.72855264 
0.83284944 
0.83299017 
0.9356324 
0.8321867 
0.93398243 
0.9335105 
0.93509525 
0.87383044 
0.8557805 
0.9616977 
0.9125073 
0.90014595 
0.82276005 
0.9335862 
0.8394567 
0.95908284 
0.9476381 
0.77985483 
0.8927656 
0.86915135 
0.9219591 
0.9558315 
0.9001762 
0.86100817 
0.9455507 
0.88308 
0.91540104 
0.8618759 
0.91049296 
0.71240765 
0.9233255 
0.809054 
0.8968406 
0.9451432 
0.9089881 
0.6853543 
0.8598305 
0.0 
0.77239186 
0.7927197 
0.933817 
0.77259445 
0.8258803 
0.8850159 
0.93863297 
0.92154723 
0.9417035 
0.9596096 
0.88882095 
0.807213 
0.9596003 
0.9046476 
0.7586622 
0.7864532 
0.8809573 
0.908477 
0.79714507 
0.83436555 
0.8383277 
0.8892193 
0.7309451 
0.9009404 
0.9140166 
0.95800537 
0.9100421 
0.91733104 
0.95148987 
0.95230216 
0.86189514 
0.9369014 
