0.94290406 
0.9549897 
0.83928114 
0.8069797 
0.7742909 
0.8605358 
0.93788373 
0.0 
0.73786813 
0.7245971 
0.8143272 
0.50678957 
0.7891581 
0.8563167 
0.81017286 
0.9039242 
0.6919085 
0.5361541 
0.2673511 
0.42482808 
0.7354677 
0.55223703 
0.66475123 
0.6910469 
0.80767506 
0.5636168 
0.48038083 
0.7395994 
0.8750621 
0.64190763 
0.6724839 
0.945445 
0.6134351 
0.5666779 
0.08528766 
0.8956862 
0.741616 
0.21263438 
0.9043574 
0.8926984 
0.17055991 
0.73995477 
0.63535166 
0.90750885 
0.7087034 
0.7532686 
0.50066334 
0.748954 
0.0 
0.56911516 
0.8796122 
0.70864207 
0.7328366 
0.76782024 
0.92272866 
0.0 
0.9330974 
0.0 
0.8536541 
0.6817826 
0.15950753 
0.21713008 
0.8062373 
0.59113145 
0.5114937 
0.0 
0.94703525 
0.8094541 
0.5956592 
