0.8780493 
0.95687026 
0.9334567 
0.7671715 
0.8843055 
0.9162078 
0.81135374 
0.9420507 
0.75556666 
0.931318 
0.9035628 
0.9212877 
0.88289106 
0.9201878 
0.84411144 
0.88716674 
0.9471796 
0.8667936 
0.893893 
0.86946905 
0.90780264 
0.88394904 
0.87314236 
0.9170269 
0.87993944 
0.9179024 
0.9195305 
0.8916207 
0.84815633 
0.90384465 
0.8775755 
0.8928978 
0.95418286 
0.89123684 
0.9021292 
0.86219704 
0.70951384 
0.8520536 
0.9559365 
0.9481846 
0.90610904 
0.80876434 
0.886583 
0.8501275 
0.89146113 
0.8865757 
0.8481579 
0.83566785 
0.8951972 
0.86788887 
0.90531844 
0.8279088 
0.89610505 
0.8494654 
0.8071315 
0.8409814 
0.8943622 
0.91577584 
0.9584199 
0.93605834 
0.91650337 
0.90092444 
0.867396 
0.93160987 
0.9455633 
0.8789529 
0.89127105 
0.9368358 
0.953573 
0.8589364 
0.9092182 
0.76667225 
0.75352925 
0.8972201 
0.89137006 
0.8983972 
0.80941916 
0.948972 
0.73079145 
0.9527609 
0.94840616 
0.92174 
0.8426876 
0.918804 
0.94797975 
0.95334035 
0.8543053 
0.77988774 
0.8970076 
0.89747894 
0.8878741 
0.8932893 
0.94487315 
0.91992164 
0.8567282 
0.9024571 
0.9627741 
0.9254056 
0.885875 
0.96135765 
0.9170088 
0.93798304 
0.90354735 
0.83079106 
0.8596658 
0.93908143 
0.9327514 
0.9016784 
0.73919076 
0.77425426 
0.90184295 
0.74484575 
0.90667063 
0.90183204 
0.8429302 
0.5126637 
0.8326724 
0.81357145 
0.92122394 
0.85692805 
0.8289934 
0.84272397 
0.79151434 
0.8668564 
0.9368367 
0.90034187 
0.86723924 
0.8590491 
0.8554175 
0.8661231 
0.9029957 
0.903923 
0.8585986 
0.6645059 
0.90841776 
0.84027654 
0.8890873 
0.85295904 
0.8712428 
0.9391283 
0.76452875 
0.8837644 
0.8873159 
0.90667176 
0.9282513 
0.86822575 
0.8682903 
0.8830819 
0.865794 
0.8818844 
0.746067 
0.9260196 
0.9493492 
0.88340163 
0.87174714 
0.87036157 
0.57232547 
0.8227925 
0.94538397 
0.84129775 
0.90123904 
0.9333863 
0.8661105 
0.75271875 
0.9175686 
0.80190265 
0.9010115 
0.8884265 
0.7994678 
0.9317676 
0.92762184 
0.8805432 
0.9202011 
0.81621253 
0.90847445 
0.7848486 
0.9592664 
0.9677587 
0.9439686 
0.9146634 
0.85803604 
0.9380004 
0.96047586 
0.87099594 
0.8855654 
0.8704285 
0.80430764 
0.94947153 
0.9052606 
0.85054713 
0.92835766 
0.8361112 
0.9237978 
0.9112334 
0.878783 
0.9562982 
0.9308202 
0.7164567 
0.7930034 
0.8347144 
0.939335 
0.7788039 
0.9402689 
0.9196347 
0.9178212 
0.87608325 
0.88232875 
0.96046495 
0.912809 
0.8449885 
0.8180807 
0.92354983 
0.84473914 
0.9561792 
0.9389092 
0.72019017 
0.8748306 
0.8772714 
0.9127353 
0.9416866 
0.89657634 
0.85520375 
0.9369223 
0.8719525 
0.911051 
0.8784492 
0.91401446 
0.69501454 
0.920595 
0.87377185 
0.9448525 
0.9428458 
0.9074861 
0.6573 
0.8556859 
0.27791175 
0.7386406 
0.7725854 
0.92440534 
0.7667218 
0.846512 
0.8647311 
0.93742985 
0.9092804 
0.9386211 
0.9525749 
0.8932468 
0.7609126 
0.95441955 
0.92399055 
0.77662057 
0.84574956 
0.91645527 
0.9051684 
0.78580105 
0.8422514 
0.84172165 
0.87224597 
0.78082097 
0.9133853 
0.9096963 
0.9554067 
0.9077789 
0.93231726 
0.9389382 
0.9479949 
0.8610667 
0.93564755 
