0.97050166 0.98405176 0.5376014 
0.96033835 0.9774869 0.61334294 
0.957015 0.9780526 0.6104486 
0.95952517 0.9845168 0.619045 
0.95724106 0.98511815 0.6166247 
0.9681704 0.97575724 0.5959302 
0.9773749 0.98692524 0.6776325 
0.9618926 0.9838113 0.614952 
0.952367 0.97787535 0.58640236 
0.95499766 0.97682863 0.64019907 
0.97663987 0.9807795 0.62420833 
0.96833044 0.98085374 0.56678164 
0.97338176 0.9855942 0.630827 
0.9441373 0.9554632 0.3545487 
0.96047467 0.9781222 0.58707225 
0.9740091 0.9870265 0.63788104 
0.967873 0.9844567 0.56606513 
0.969239 0.9868054 0.6569773 
0.96845746 0.9847512 0.62684274 
0.9719533 0.98468345 0.63943785 
0.9759583 0.9869726 0.6164568 
0.9574176 0.984025 0.60265315 
0.9476741 0.9646291 0.48472527 
