0.9150327 0.7316562 
0.88481677 0.7592593 
0.7859922 0.64695007 
0.7659033 0.47529444 
0.65591395 0.4989518 
0.7845304 0.6610879 
0.7532467 0.6787879 
0.8043478 0.47115386 
0.929676 0.6688359 
0.0 0.5539991 
0.75 0.59770113 
0.8965517 0.72727275 
0.68333334 0.4623656 
0.9159836 0.62240666 
0.80497926 0.625 
0.85106385 0.4969697 
0.55 0.3448276 
0.8 0.7126437 
0.8895801 0.5769806 
0.877193 0.5179584 
0.66496164 0.6018237 
0.34182924 0.55307853 
0.71374047 0.5818584 
0.67346936 0.51903117 
0.9503382 0.73872036 
0.70619947 0.6980609 
0.8376963 0.74285716 
0.85490197 0.5461255 
0.9150849 0.69590646 
0.93345743 0.6407904 
0.9058749 0.6858939 
0.06511628 0.44484958 
0.75 0.72139305 
0.77983195 0.56516445 
0.8978328 0.6042447 
0.7638889 0.575 
0.737819 0.44623655 
0.94957566 0.7422383 
0.6666667 0.4025157 
0.75177306 0.54477614 
0.8125 0.5769231 
0.74038464 0.4304762 
0.8820513 0.62032086 
0.89794075 0.5958882 
0.8405797 0.75536484 
0.5870647 0.3876652 
0.76150626 0.6233062 
0.7037037 0.60194176 
0.9052632 0.6766595 
0.75641024 0.68 
0.78313255 0.5810811 
0.7283237 0.46551725 
0.7532467 0.44247788 
0.7608069 0.70416665 
0.96502197 0.79077256 
0.80794704 0.4250871 
0.8148148 0.65938866 
0.7160494 0.6929134 
0.7692308 0.59638554 
0.88304096 0.6815145 
0.9411765 0.6779661 
0.7912088 0.6 
0.9 0.70319635 
0.9009009 0.7522936 
0.7160494 0.7648262 
0.73924977 0.60351413 
0.8272727 0.6514886 
0.82191783 0.6810551 
0.8028169 0.6098439 
0.8148387 0.5651359 
0.89711934 0.7112971 
0.74860334 0.51738524 
0.72796935 0.6713781 
0.81570995 0.6253102 
0.61648744 0.7137255 
0.93106896 0.62312925 
0.80551726 0.5254237 
0.8867805 0.67039734 
0.88188976 0.71770334 
0.88372093 0.6926407 
0.65217394 0.6280992 
0.88095236 0.6438356 
0.91525424 0.8091603 
0.6253687 0.3907563 
0.88275343 0.76037 
0.8952511 0.65570533 
0.68686867 0.5748988 
0.0 0.56231886 
0.85852146 0.5431255 
0.8201058 0.6561514 
0.8229167 0.54223967 
0.8892246 0.6925373 
0.83229816 0.63058823 
0.8277228 0.6807667 
0.9201891 0.5997552 
0.82 0.7109375 
0.92569 0.7911111 
0.9325397 0.6066838 
0.74418604 0.65384614 
0.7070707 0.5744966 
0.8424544 0.65654206 
0.91093785 0.6429259 
0.837037 0.74040633 
0.8686131 0.775 
0.92350876 0.6192733 
0.91791046 0.7089947 
0.7047619 0.47741935 
0.86567163 0.5945946 
0.8888889 0.44680852 
0.69135803 0.66071427 
0.7407407 0.42592594 
0.6666667 0.43442622 
0.74125874 0.6535433 
0.8871068 0.6749446 
0.89285713 0.6626506 
0.8125 0.79396987 
0.8160377 0.66079295 
0.8148148 0.72149533 
0.8888889 0.6242775 
0.8601144 0.6879891 
0.7431598 0.68705404 
0.8747346 0.63479924 
0.88659793 0.4742268 
0.912301 0.76673716 
0.7432432 0.7362429 
0.7246377 0.6837607 
0.8815166 0.64954126 
0.57020056 0.5063291 
0.5862069 0.57377046 
0.92543024 0.61935484 
0.91803277 0.8288288 
0.90492743 0.7493069 
0.9236641 0.6554935 
0.9229287 0.6972477 
0.4818653 0.57205105 
0.64788735 0.5665236 
0.88297874 0.69309837 
0.82965934 0.63965887 
0.82666665 0.77720207 
0.8167539 0.73170733 
0.8622754 0.75601375 
0.8151659 0.51376146 
0.743295 0.47619048 
0.4074074 0.4389706 
0.8359133 0.6004415 
0.75789475 0.45783132 
0.7457627 0.6826347 
0.58536583 0.44615385 
0.8603989 0.71593535 
0.82051283 0.6989796 
0.80368906 0.63244355 
0.8857645 0.50278085 
0.85542166 0.62972975 
0.7387387 0.55530477 
0.92346936 0.618219 
0.7368421 0.6800472 
0.75756794 0.59291714 
0.78032786 0.57399106 
0.8900199 0.6675031 
0.0 0.0 
0.75283444 0.67902666 
0.90936553 0.716477 
0.7356747 0.5673941 
0.9255319 0.6573705 
0.8842105 0.85 
0.85125566 0.49564773 
0.82758623 0.5531915 
0.73493975 0.6178862 
0.7789855 0.6535058 
0.85714287 0.59016395 
0.760274 0.57259715 
0.8235294 0.3539823 
0.53125 0.5962733 
0.9368735 0.45550162 
0.90821254 0.6717391 
0.89045936 0.79425836 
0.8874172 0.8037383 
0.85333335 0.7037037 
0.9317706 0.7207207 
0.80155873 0.50764525 
0.8782288 0.75990677 
0.8115942 0.72727275 
0.8894231 0.6869159 
0.79787236 0.6942149 
0.8034188 0.72316384 
0.84313726 0.74418604 
0.72131145 0.5925926 
0.74666667 0.67901236 
0.0 0.526597 
0.789272 0.60727274 
0.7111111 0.6486486 
0.87700534 0.5471264 
0.8607595 0.6726727 
0.68812877 0.6825741 
0.775 0.6 
0.8668555 0.66323906 
0.6666667 0.53781515 
0.8717949 0.64122134 
0.8304127 0.6091479 
0.8211382 0.6847458 
0.8235294 0.6754967 
0.5609756 0.5372549 
0.96369636 0.86460805 
0.53061223 0.4623656 
0.6319328 0.46448705 
0.8914729 0.6727273 
0.7546174 0.5804749 
0.77408355 0.52609605 
0.8888889 0.5897436 
0.9453303 0.6875934 
0.7468355 0.620712 
0.7894737 0.7808219 
0.85714287 0.73255813 
0.9129679 0.63676846 
0.8095238 0.3483871 
0.9465649 0.66 
0.86255926 0.65488565 
0.8785047 0.75454545 
0.85714287 0.8244898 
0.65217394 0.64615387 
0.60408163 0.63678163 
0.3043478 0.5361077 
0.8135593 0.6262626 
0.6666667 0.7863248 
0.81735986 0.71896726 
0.8795181 0.76229507 
0.88596493 0.71900827 
0.871407 0.7177305 
0.74418604 0.5952813 
0.73 0.64 
0.81578946 0.6497462 
0.91217256 0.6474501 
0.83146065 0.7352941 
0.80818415 0.77458036 
0.76502734 0.61126006 
0.7709497 0.6498195 
0.9174573 0.64920205 
0.8666667 0.76744187 
0.8575601 0.6756964 
0.59063137 0.6289738 
0.85106385 0.64102566 
0.8738462 0.6606607 
0.9622642 0.76014763 
0.9265625 0.7550854 
0.93004113 0.84070796 
0.8045977 0.6792453 
0.7457627 0.5 
0.6885246 0.6343612 
0.9010989 0.72727275 
0.80487806 0.565445 
0.6699507 0.5131195 
0.68421054 0.3018868 
0.8731183 0.73333335 
0.8493976 0.62445414 
0.72389793 0.605291 
0.90909094 0.7473684 
0.91579497 0.64127547 
0.8095238 0.6415094 
0.7785714 0.49298596 
0.89088863 0.5631068 
0.8442907 0.68679243 
0.87356323 0.6210526 
0.82191783 0.43364486 
0.86419755 0.7480916 
0.8639456 0.66480446 
0.82840234 0.70050764 
0.8 0.6403162 
0.82945734 0.7414634 
