0.7826087 0.40860215 
0.84753364 0.37656903 
0.8525641 0.39344263 
0.86256593 0.07878369 
0.6363636 0.27586207 
0.80701756 0.502994 
0.8394161 0.39263803 
0.69503546 0.14893617 
0.9331505 0.2716517 
0.0 0.33419535 
0.8 0.40625 
0.9142857 0.36065573 
0.78145695 0.23853211 
0.86257565 0.3104895 
0.85148513 0.26506025 
0.7826087 0.3409091 
0.73913044 0.3265306 
0.8 0.4827586 
0.8951613 0.18453865 
0.8777555 0.40483382 
0.7906977 0.2763466 
0.28909877 0.2856122 
0.83692306 0.32475883 
0.7527675 0.28767124 
0.89666194 0.43506232 
0.73293173 0.31127012 
0.8312757 0.5492228 
0.87066245 0.23776224 
0.90178573 0.18227848 
0.90778947 0.28380188 
0.8410572 0.2989011 
0.02793296 0.20224719 
0.48387095 0.43396226 
0.8710602 0.30980393 
0.73 0.23427331 
0.8033708 0.43333334 
0.8549618 0.14503817 
0.8942308 0.2795699 
0.75524473 0.24299066 
0.8023256 0.20858896 
0.9381443 0.44444445 
0.88977957 0.18911175 
0.6743295 0.32038835 
0.876975 0.45760354 
0.8248588 0.33333334 
0.61603373 0.24806201 
0.55647385 0.3043478 
0.6666667 0.39344263 
0.75770926 0.24749164 
0.87777776 0.3151515 
0.8601036 0.5084746 
0.7628866 0.29411766 
0.78 0.1875 
0.82478005 0.28608358 
0.90957904 0.23376623 
0.6962025 0.28318584 
0.74157304 0.2939068 
0.5535714 0.34117648 
0.7219917 0.15075377 
0.71662766 0.1969697 
0.79518074 0.29032257 
0.5522388 0.18032786 
0.89382714 0.41328412 
0.8428571 0.32142857 
0.7035573 0.50769234 
0.88125896 0.25663716 
0.85211265 0.43657818 
0.79452056 0.23376623 
0.6841416 0.2536023 
0.8698955 0.20461747 
0.84348863 0.3301887 
0.8484849 0.12995595 
0.76790833 0.5294118 
0.84375 0.26760563 
0.6701299 0.4973357 
0.8707719 0.32 
0.68125 0.2611111 
0.9131868 0.33491012 
0.7777778 0.4516129 
0.69714284 0.32307693 
0.56790125 0.47368422 
0.86868685 0.33734939 
0.64444447 0.17391305 
0.6395349 0.12861736 
0.82224363 0.2637465 
0.93064517 0.2542078 
0.59130436 0.3272727 
0.0 0.3531746 
0.76848483 0.4018394 
0.9350649 0.5685885 
0.74903476 0.24595469 
0.8186981 0.2965932 
0.8042328 0.5096953 
0.7373681 0.23814774 
0.9605739 0.32813516 
0.8 0.35359117 
0.867745 0.49 
0.8811189 0.48076922 
0.5862069 0.19607843 
0.74558306 0.35978836 
0.87899864 0.3339806 
0.9249893 0.3805825 
0.6789474 0.32684824 
0.9426752 0.35051546 
0.9148936 0.40716305 
0.7761194 0.4105263 
0.5441176 0.28865978 
0.7446808 0.38709676 
0.75 0.2777778 
0.88235295 0.3809524 
0.88188976 0.42857143 
0.8777555 0.19672132 
0.7979798 0.2556391 
0.85841835 0.25679293 
0.84671533 0.39130434 
0.8360656 0.46969697 
0.795053 0.24043716 
0.67336684 0.31007752 
0.7146974 0.39790577 
0.8061002 0.37767813 
0.6598689 0.22644497 
0.7487002 0.2339833 
0.87603307 0.22222222 
0.8156823 0.25241613 
0.60655737 0.369378 
0.65789473 0.44186047 
0.8063284 0.19059107 
0.6535948 0.2793296 
0.627907 0.32352942 
0.9269949 0.4915254 
0.9032258 0.4935065 
0.8525167 0.3323926 
0.92273235 0.204947 
0.85741645 0.22710162 
0.47037172 0.22749391 
0.7764706 0.3483871 
0.8262712 0.30837005 
0.8150685 0.4097222 
0.62 0.5138889 
0.8016878 0.35164836 
0.93877554 0.4226804 
0.6966292 0.38132295 
0.76760566 0.31128404 
0.5336451 0.13135716 
0.8209366 0.42911878 
0.816 0.41975307 
0.79545456 0.21686748 
0.48387095 0.2631579 
0.912114 0.45801526 
0.67676765 0.22325581 
0.8034557 0.24242425 
0.7842387 0.13839285 
0.8195592 0.28439763 
0.75 0.24390244 
0.93772894 0.19521913 
0.47582206 0.2754491 
0.86871815 0.25863498 
0.9119171 0.3745583 
0.8187067 0.21948107 
0.0 0.065442935 
0.72583824 0.3868472 
0.8802083 0.27346277 
0.7671692 0.4231405 
0.9025522 0.19753087 
0.86206895 0.36956522 
0.8408037 0.22184874 
0.8 0.3478261 
0.8195122 0.26086956 
0.8376328 0.39747635 
0.8301887 0.32 
0.57800514 0.2082019 
0.54545456 0.04255319 
0.43589744 0.45544556 
0.9181595 0.31160936 
0.8732106 0.35908142 
0.91875 0.436214 
0.82539684 0.37209302 
0.84132844 0.3125 
0.9022501 0.34236452 
0.7369577 0.19707057 
0.8082596 0.3382353 
0.85393256 0.3030303 
0.9220779 0.5483871 
0.9113924 0.28125 
0.8767123 0.5123967 
0.7936508 0.42276424 
0.7297297 0.3846154 
0.6415094 0.26666668 
0.0 0.21471313 
0.81395346 0.34705883 
0.78125 0.3 
0.88922155 0.3915344 
0.69758815 0.26409018 
0.7090909 0.43556443 
0.7294118 0.41666666 
0.8538813 0.22535211 
0.8148148 0.2 
0.84132844 0.37818182 
0.9193154 0.15985325 
0.87586206 0.30939227 
0.89411765 0.4117647 
0.6857143 0.30625 
0.8969697 0.38636363 
0.6805556 0.23728813 
0.83378017 0.25931928 
0.8805461 0.54867256 
0.8089431 0.3730337 
0.81163436 0.22509703 
0.81632656 0.47457626 
0.887338 0.27963525 
0.6976033 0.32077393 
0.55737704 0.25882354 
0.91358024 0.16363636 
0.9426077 0.31678486 
0.60655737 0.16216215 
0.79268295 0.17391305 
0.8872621 0.49605057 
0.90295357 0.5109489 
0.6315789 0.40522876 
0.6436782 0.32 
0.6106443 0.37369207 
0.2780269 0.48355263 
0.7948718 0.32941177 
0.6315789 0.68085104 
0.76165116 0.24511546 
0.91 0.34246576 
0.92870903 0.47104248 
0.8864569 0.33566433 
0.863711 0.21639344 
0.5905512 0.37593985 
0.7291667 0.29457363 
0.76804125 0.2268431 
0.6666667 0.40298507 
0.70699435 0.48398575 
0.7058824 0.22978723 
0.784689 0.46706587 
0.86710894 0.33964142 
0.7894737 0.4642857 
0.88293004 0.5078534 
0.60703075 0.26282084 
0.7923077 0.32520324 
0.74 0.27450982 
0.8702929 0.36879432 
0.8846676 0.29166666 
0.90636706 0.46753246 
0.6086956 0.15384616 
0.47311828 0.06349207 
0.6569343 0.40789473 
0.85549134 0.46153846 
0.9591837 0.26143792 
0.8135593 0.20264317 
0.68686867 0.28915662 
0.84283245 0.23140496 
0.7889447 0.34754097 
0.7963964 0.23780487 
0.8287293 0.4651163 
0.9111478 0.34865293 
0.8 0.56198347 
0.9032258 0.2918919 
0.95137423 0.19642857 
0.9116022 0.35897437 
0.855814 0.3243243 
0.86145407 0.23868313 
0.93333334 0.48351648 
0.89534885 0.37554586 
0.89908254 0.52459013 
0.6126126 0.18987341 
0.7986111 0.50117093 
