##############################
KIDNEY [0.9388014  0.49028078] [0.2329658 0.1229223] [0.36998072 0.15991649]
KIDNEY [[0.80679369 0.42226589]
 [0.97018793 0.64133415]] [[0.         0.09006952]
 [0.85855702 0.26764511]] [[1.92771084e-04 8.02081011e-02]
 [9.29913908e-01 4.17736651e-01]]
##############################
KNEE [0.795071   0.53349125] [0.72650164 0.3908009 ] [0.7951394  0.33382744]
KNEE [[0.65511601 0.33400369]
 [0.88695106 0.63756369]] [[0.54331844 0.24549175]
 [0.88503329 0.51073039]] [[0.63270933 0.19414891]
 [0.88773387 0.48366575]]
##############################
PROSTATE [0.8582836  0.94995505 0.71883833] [0.829116   0.92325926 0.48042428] [0.8374498  0.93044657 0.31359434]
PROSTATE [[0.685614   0.20274766 0.44044247]
 [0.92390776 0.96283515 0.7722055 ]] [[0.69950311 0.21348941 0.26197479]
 [0.87583959 0.962162   0.59246045]] [[0.68043508 0.20206884 0.16075847]
 [0.87723537 0.96257144 0.37772074]]
##############################
BRAIN_GROWTH [0.8651433 0.7499251] [0.80611134 0.47512585] [0.8217397 0.3292954]
BRAIN_GROWTH [[0.78519405 0.71274594]
 [0.91050966 0.78165378]] [[0.70017733 0.37542987]
 [0.84900519 0.56889543]] [[0.67221896 0.24167451]
 [0.84120824 0.48758592]]
##############################
PANCREAS [0.5329579 0.1633096] [0.47392455 0.11341725] [0.4805956  0.13868296]
PANCREAS [[0.39042224 0.04797886]
 [0.71386191 0.28522373]] [[0.08854193 0.03690938]
 [0.74717849 0.21403271]] [[0.27826746 0.03539634]
 [0.76006773 0.24085855]]
##############################
SIJ [0.        0.6628571] [0.         0.43003413] [0.        0.4345048]
SIJ [[0.         0.        ]
 [0.92207323 0.93643623]] [[0.         0.        ]
 [0.93514856 0.81845121]] [[0.         0.        ]
 [0.92661289 0.83214288]]
##############################
LUNG [0.8208255  0.64338076] [0.8076386 0.32     ] [0.8103018 0.2426407]
LUNG [[0.3860945  0.3986939 ]
 [0.94252647 0.79733934]] [[0.38818787 0.13610625]
 [0.93786394 0.52615717]] [[0.24995234 0.08962451]
 [0.93192153 0.44993527]]
##############################
HEART [0.967873 0.984025 0.614952] [0.9637663  0.97881466 0.37860912] [0.9622179  0.98054206 0.3583805 ]
HEART [[0.94608253 0.96050444 0.42614581]
 [0.97697064 0.98699684 0.66627214]] [[0.92933618 0.95522135 0.20333509]
 [0.97709045 0.98572129 0.47632002]] [[0.94265227 0.96294194 0.21439391]
 [0.97687407 0.98513644 0.4349432 ]]
##############################
PANCREATIC_LESION [0. 0.] [0.         0.06147007] [0. 0.]
PANCREATIC_LESION [[0.         0.        ]
 [0.41099781 0.04109904]] [[0.         0.00605599]
 [0.         0.14683071]] [[0.         0.        ]
 [0.         0.12972614]]
##############################
PROSTATE_TASK1 [0.97508657 0.7653201 ] [0.95689213 0.38277134] [0.95795035 0.30398393]
PROSTATE_TASK1 [[0.9467895  0.54342039]
 [0.98220499 0.81427191]] [[0.91689181 0.22716909]
 [0.97224171 0.44913424]] [[0.92536652 0.21541081]
 [0.96821763 0.391008  ]]
##############################
PROSTATE_TASK2 [0.94198704 0.7625847 ] [0.9508234  0.51940024] [0.9271852  0.42025492]
PROSTATE_TASK2 [[0.85306369 0.55106404]
 [0.97437704 0.78743505]] [[0.87811711 0.29785893]
 [0.96720281 0.6003001 ]] [[0.72246225 0.28626572]
 [0.96623343 0.50250478]]
##############################
BRAIN_TUMOR_TASK1 [0.9176201  0.44111776] [0.93640935 0.3401139 ] [0.91747296 0.27963525]
BRAIN_TUMOR_TASK1 [[0.5754863  0.13565369]
 [0.95825526 0.48657096]] [[0.76285515 0.21699286]
 [0.9685123  0.53124446]] [[0.86708625 0.08651891]
 [0.96861668 0.42656729]]
