0.39503124 
0.2544999 
0.2767335 
0.3863456 
0.25580022 
0.31380644 
0.37880668 
0.32389915 
0.17266609 
0.78300774 
0.21435767 
0.18771486 
0.037112113 
0.26285368 
0.20075113 
0.004761905 
0.33368665 
0.21958782 
0.0 
0.112030074 
0.74187464 
0.0036630037 
0.05082657 
0.25124678 
0.20880738 
0.1810006 
0.41138622 
0.40569925 
0.058965128 
0.013665247 
0.29129624 
0.35444784 
0.08664353 
0.43714494 
0.0 
0.0031152647 
0.27002752 
0.051425792 
0.36743185 
0.6748562 
0.03317648 
0.077047035 
0.00036036037 
0.14057827 
0.08617192 
0.40223143 
0.25136408 
0.36775222 
0.017285502 
0.5131612 
0.4720081 
0.0057017542 
0.4102819 
0.24802285 
0.14095438 
0.1571093 
0.022764228 
0.016045662 
0.0012285012 
0.037437283 
0.13616294 
0.028985508 
0.41286957 
0.21086352 
0.6105899 
0.24193133 
0.06946578 
0.43144837 
0.28828678 
