0.8259921 
0.7324853 
0.7988213 
0.7239939 
0.8058677 
0.82219 
0.801096 
0.8730614 
0.89230746 
0.90761685 
0.77695286 
0.902795 
0.7786267 
0.8597052 
0.8808772 
0.7653997 
0.8358421 
0.8221298 
0.89335126 
0.92733 
0.88006735 
0.6925123 
0.86258096 
0.8750575 
0.8625308 
0.8659013 
0.7582805 
0.83043784 
0.86408657 
0.83122766 
0.839187 
0.711829 
0.8863614 
0.80289835 
0.8722599 
0.9140575 
0.76221776 
0.7379775 
0.84068143 
0.8883209 
0.92372906 
0.87048024 
0.8750957 
0.89462495 
0.93727344 
0.8066495 
0.8706511 
0.83185047 
0.86136854 
0.90546525 
0.79781336 
0.7829779 
0.86418414 
0.856898 
0.94514656 
0.8988643 
0.70990694 
0.6334328 
0.7651442 
0.88571435 
0.8346362 
0.7527699 
0.84775144 
0.66684806 
0.7675051 
0.8325678 
0.88104266 
0.8659521 
0.9068166 
0.823713 
0.81977475 
0.72998565 
0.8327238 
0.7939985 
0.8426065 
0.8940793 
0.7792509 
0.84477514 
0.8595893 
0.79444927 
0.8972183 
0.61325634 
0.7375911 
0.86470145 
0.8138459 
0.7382541 
0.84599596 
0.30225018 
0.85312545 
0.89491725 
0.80240613 
0.84379125 
0.899287 
0.71493894 
0.7354342 
0.78731626 
0.78415227 
0.8310927 
0.3697387 
0.875887 
0.8172556 
0.87191576 
0.83276874 
0.42342222 
0.88118684 
0.8778243 
0.7955195 
0.7797348 
0.74741626 
0.8087415 
0.6240468 
0.73350865 
0.7846183 
0.79885954 
0.85614705 
0.85224754 
0.8326901 
0.78911567 
0.7571833 
0.87350607 
0.8561626 
0.73286694 
0.8530174 
0.7704308 
0.8197909 
0.9261224 
0.8251993 
0.9025412 
0.79025996 
0.83085686 
0.88704747 
0.66003853 
0.8640297 
0.42709687 
0.9003133 
0.9220067 
0.064011 
0.7931167 
0.64844054 
0.8017188 
0.8837742 
0.7321508 
0.8850058 
0.7769165 
0.79795796 
0.91692245 
0.65199614 
0.9006747 
0.73087215 
0.6993003 
0.9007825 
0.8872911 
0.7748897 
0.828626 
0.89429426 
0.92278713 
0.7819777 
0.9316081 
0.84101063 
0.86330223 
0.8238667 
0.9143479 
0.82706225 
0.8062941 
0.84356743 
0.87322015 
0.88573205 
0.8477008 
0.88929814 
0.7028742 
0.64284986 
0.80845284 
0.8710852 
0.6930547 
0.80206627 
0.8993359 
0.91703224 
0.91643196 
0.7589173 
0.7831018 
0.45478696 
0.8662602 
0.60346186 
0.5925848 
0.8728679 
0.91964215 
0.82335997 
0.85423446 
0.7484575 
0.8930212 
0.7998713 
0.87325764 
0.86737335 
0.87528974 
0.8050367 
0.909442 
0.7837827 
0.81679744 
0.7616356 
0.79888374 
0.72970194 
0.81293106 
0.9150281 
0.8131908 
0.83087623 
0.74272686 
0.7297466 
0.7889966 
0.89741015 
0.80125093 
0.7972518 
0.7435944 
0.9381609 
0.856939 
0.9004828 
0.8287557 
0.84424365 
0.8983706 
0.8090062 
0.7896163 
0.79193103 
0.7920971 
0.8349471 
0.8156791 
0.7358247 
0.7341369 
0.73274547 
0.9316925 
0.8598866 
0.9147603 
0.84345067 
0.81758827 
0.8380403 
0.799963 
0.8699585 
0.6479291 
0.8733133 
0.8517396 
0.9055832 
0.8874193 
0.8209648 
0.91060394 
0.79012674 
0.8242133 
0.7968153 
0.9078801 
0.79997456 
0.87547255 
0.82394373 
0.8726545 
0.7622222 
0.85634965 
0.912458 
0.8634722 
0.84480006 
0.9198936 
0.84055805 
0.7744738 
0.948843 
0.7850439 
0.6752395 
0.63926834 
0.84205115 
0.87521875 
0.8006768 
0.8622895 
0.74518657 
0.4619173 
