0.23097728 
0.882449 
0.93778497 
0.5453821 
0.2074074 
0.53282154 
0.6531561 
0.76433885 
0.29117343 
0.7673091 
0.2734828 
0.23574209 
0.26677883 
0.111658454 
0.45041505 
0.0 
0.7834559 
0.09193371 
0.015065913 
0.107279696 
0.71087337 
0.34448972 
0.3209402 
0.5633882 
0.304031 
0.87407446 
0.8468896 
0.65539944 
0.37126637 
0.50772625 
0.5727439 
0.3843844 
0.77251244 
0.8420771 
0.0 
0.59333855 
0.33684212 
0.22652277 
0.29041746 
0.6171257 
0.69147885 
0.43798774 
0.14572288 
0.2387886 
0.6896467 
0.7650993 
0.57074124 
0.3272727 
0.39083484 
0.31278667 
0.85668933 
0.07692308 
0.6334698 
0.2936445 
0.05490196 
0.04478806 
0.37189543 
0.38636965 
0.3034479 
0.43605486 
0.8720347 
0.0 
0.30601788 
0.34904724 
0.8919549 
0.26280075 
0.3758282 
0.74281555 
0.41782483 
