0.9677726 0.9762578 
0.97086304 0.9841024 
0.96525145 0.97734433 
0.97067803 0.98242867 
0.9596206 0.9770279 
0.9696734 0.97984385 
0.9576171 0.9801588 
0.94649076 0.9227229 
0.96989644 0.9811707 
0.9740929 0.97306997 
0.9594114 0.97911626 
0.9689153 0.98358965 
0.97632414 0.98386955 
0.9645058 0.96584636 
0.96974504 0.9806094 
0.9615442 0.97285676 
0.9804528 0.9856352 
0.97717404 0.984391 
0.9749762 0.9826975 
0.96441525 0.963657 
0.96807003 0.98052245 
0.9796558 0.98571587 
0.96910816 0.9810272 
