0.29573366 
0.8938731 
0.93788946 
0.5606952 
0.16429341 
0.24250379 
0.7175694 
0.78860635 
0.23133151 
0.764088 
0.2640758 
0.220019 
0.17117935 
0.21495263 
0.51674706 
0.16053714 
0.8020045 
0.29477122 
0.00048732944 
0.24523722 
0.6844912 
0.36270756 
0.4932664 
0.61009276 
0.20494242 
0.8059512 
0.8229144 
0.7454161 
0.5094359 
0.6016405 
0.26578578 
0.29097778 
0.7701489 
0.8232269 
0.08723641 
0.51403046 
0.27475995 
0.10643134 
0.25671086 
0.6085038 
0.7143115 
0.46984777 
0.1936587 
0.25154674 
0.81980205 
0.807891 
0.5747333 
0.16507289 
0.45984218 
0.5187509 
0.86129534 
0.10840707 
0.64020187 
0.24642256 
0.20588009 
0.21276376 
0.28200915 
0.7592176 
0.20962152 
0.4432276 
0.9026859 
0.11499905 
0.28071356 
0.4825238 
0.8979363 
0.3035499 
0.20054692 
0.69688547 
0.27076662 
