0.78292805 0.9632102 
0.8637262 0.9439705 
0.8322061 0.95385134 
0.87366354 0.96965647 
0.7436126 0.95252675 
0.84317887 0.9672757 
0.8053709 0.94451696 
0.68947315 0.8886612 
0.8122279 0.9521429 
0.72240645 0.9498319 
0.8315458 0.9413628 
0.84378326 0.9582774 
0.8195245 0.95829564 
0.8354094 0.9487109 
0.822194 0.9388407 
0.82550836 0.95569855 
0.85738784 0.9503694 
0.90529615 0.96889764 
0.85346216 0.9684678 
0.76910436 0.92435056 
0.84921783 0.9637215 
0.83619195 0.9624557 
0.79585016 0.9626821 
