0.7810298 
0.75797635 
0.7490953 
0.7548614 
0.7183616 
0.76769435 
0.8250129 
0.7912637 
0.8588448 
0.87198824 
0.62215203 
0.85557085 
0.6221718 
0.8345333 
0.8049781 
0.762049 
0.80128485 
0.7597902 
0.8510047 
0.9076963 
0.8605408 
0.55755347 
0.8388441 
0.8538117 
0.7936712 
0.9014565 
0.8208994 
0.7755964 
0.815648 
0.8059259 
0.67915916 
0.7677849 
0.8559923 
0.6438196 
0.8563281 
0.80848503 
0.49359864 
0.7000376 
0.7603492 
0.81899065 
0.8951799 
0.8013725 
0.86739624 
0.8678039 
0.93054503 
0.6708146 
0.8761316 
0.8411247 
0.70997113 
0.8386624 
0.8848944 
0.71801454 
0.8357696 
0.8076151 
0.9282165 
0.88717896 
0.60253716 
0.6688632 
0.7171091 
0.691572 
0.6114532 
0.6507641 
0.7364475 
0.4743503 
0.8222136 
0.75238556 
0.8947408 
0.749283 
0.85333335 
0.77697414 
0.76288706 
0.68617564 
0.67606556 
0.788123 
0.6802727 
0.81472325 
0.73019284 
0.76219004 
0.8332994 
0.5785921 
0.8271945 
0.6670568 
0.7686819 
0.8872641 
0.6952188 
0.689545 
0.7999038 
0.15840545 
0.88979566 
0.87340856 
0.68126845 
0.8390904 
0.87063134 
0.70067525 
0.8171084 
0.7480394 
0.7157831 
0.6266869 
0.30097365 
0.78963315 
0.74621576 
0.44833103 
0.7457657 
0.38232383 
0.77967715 
0.7875561 
0.8562806 
0.6637957 
0.694289 
0.67677957 
0.48519242 
0.6064851 
0.80530554 
0.6420182 
0.81062806 
0.8329608 
0.7340425 
0.8172528 
0.731588 
0.8194319 
0.7792838 
0.63266605 
0.8224856 
0.6666793 
0.79414916 
0.865265 
0.738383 
0.7334311 
0.653927 
0.7298485 
0.8415879 
0.6492559 
0.84879184 
0.40253645 
0.87716436 
0.8991249 
0.00024460343 
0.6717593 
0.5143115 
0.8976732 
0.7917206 
0.5609297 
0.82214624 
0.766631 
0.6286988 
0.86461073 
0.56467324 
0.8607781 
0.6041697 
0.46369934 
0.89659035 
0.82625425 
0.63982 
0.7526527 
0.83804655 
0.89645404 
0.8001982 
0.92667925 
0.82894033 
0.78897595 
0.8179698 
0.75463575 
0.87656224 
0.7907822 
0.8452545 
0.85062027 
0.8631211 
0.75240785 
0.84781706 
0.7150148 
0.4944372 
0.71782935 
0.8169455 
0.5991508 
0.7448028 
0.83524233 
0.8906742 
0.9070879 
0.6345105 
0.33641317 
0.40323955 
0.8619053 
0.81577903 
0.61270845 
0.836079 
0.9082398 
0.74568313 
0.806725 
0.5353089 
0.8645423 
0.8675814 
0.8109117 
0.83439004 
0.8623696 
0.7598388 
0.8804077 
0.82264584 
0.7159668 
0.72024465 
0.8707178 
0.6035829 
0.71428376 
0.9040595 
0.686962 
0.6175461 
0.7716733 
0.6754841 
0.74627995 
0.8910047 
0.8312895 
0.76238424 
0.67930174 
0.92715406 
0.7063333 
0.778553 
0.6427725 
0.83952963 
0.8878154 
0.8042921 
0.7113764 
0.8323394 
0.75216573 
0.8889943 
0.80965894 
0.5230312 
0.5643043 
0.7634896 
0.8797276 
0.8433044 
0.92593133 
0.7603985 
0.6498374 
0.7414903 
0.7803764 
0.81736594 
0.4406147 
0.6941691 
0.8103735 
0.82813406 
0.8159037 
0.6530134 
0.91255826 
0.7452149 
0.857013 
0.7431728 
0.8665124 
0.76079094 
0.6265115 
0.8752457 
0.8253953 
0.5816218 
0.72931755 
0.9151566 
0.7914154 
0.864282 
0.86644065 
0.7789414 
0.6740419 
0.94574577 
0.6026027 
0.73816746 
0.44344926 
0.7646439 
0.83652705 
0.70837045 
0.82164776 
0.6132515 
0.41312355 
