0.94388115 
0.9222352 
0.88709944 
0.70426685 
0.86399776 
0.8813381 
0.89397377 
0.83839405 
0.734995 
0.8744981 
0.92327696 
0.9014987 
0.88585216 
0.88472486 
0.62693805 
0.8196536 
0.8083579 
0.829228 
0.88774246 
0.90430754 
0.84916484 
0.895953 
0.56320274 
0.80828154 
0.90843123 
0.80868715 
0.9378909 
0.8966152 
0.86437297 
0.8208923 
0.80984825 
0.90274 
0.8675157 
0.8870704 
0.8986001 
0.749341 
0.5895606 
0.8262439 
0.94848937 
0.9292968 
0.8659044 
0.9221871 
0.88426805 
0.65341777 
0.8534588 
0.92241216 
0.8764606 
0.9146592 
0.9387262 
0.7221569 
0.5575235 
0.92085326 
0.78541946 
0.7368059 
0.9011558 
0.85352093 
0.9301422 
0.90976095 
0.96294206 
0.4738852 
0.87550586 
0.69218326 
0.8448823 
0.8757969 
0.93579704 
0.95469564 
0.84625894 
0.8933263 
0.9435799 
0.858974 
0.80515593 
0.85587186 
0.55323124 
0.8046373 
0.9478526 
0.91098803 
0.8465046 
0.90172535 
0.8257784 
0.95008975 
0.95609784 
0.89157915 
0.9504077 
0.7592417 
0.96622145 
0.9506586 
0.95022875 
0.6050604 
0.95023805 
0.866867 
0.91434413 
0.88613904 
0.94354343 
0.8730435 
0.9176389 
0.93174744 
0.930625 
0.9559973 
0.75674146 
0.9198163 
0.8672558 
0.9377042 
0.8308464 
0.8638983 
0.8474754 
0.95274794 
0.9277258 
0.93535477 
0.8882411 
0.69813293 
0.9280424 
0.92391384 
0.90636665 
0.8463645 
0.8582418 
0.48463747 
0.84195036 
0.7408172 
0.8854433 
0.8074772 
0.7651143 
0.60607386 
0.71594745 
0.7486349 
0.9410377 
0.96129006 
0.73262155 
0.9239938 
0.8182604 
0.8639954 
0.8202377 
0.9027492 
0.92825735 
0.75422233 
0.8186114 
0.6959752 
0.8782173 
0.8871716 
0.6740141 
0.92777205 
0.9079112 
0.6808599 
0.8519574 
0.58753973 
0.88258904 
0.7919454 
0.8558445 
0.81890684 
0.75692785 
0.9224971 
0.8403526 
0.9368313 
0.9390261 
0.92411155 
0.8823528 
0.9395438 
0.5487786 
0.76509345 
0.87966985 
0.6789186 
0.86378175 
0.86212355 
0.7903631 
0.86501324 
0.93071645 
0.9310258 
0.8954724 
0.92242604 
0.8603446 
0.8928879 
0.9199747 
0.85613114 
0.94265604 
0.78719795 
0.89318585 
0.8648574 
0.9666248 
0.8780913 
0.8869617 
0.919577 
0.77195126 
0.9228291 
0.92735815 
0.8705761 
0.84520257 
0.8294454 
0.9225625 
0.90787905 
0.7250822 
0.78541607 
0.951349 
0.8948685 
0.94395435 
0.7972503 
0.8133255 
0.89267135 
0.8944174 
0.6798492 
0.8989944 
0.7891792 
0.89455736 
0.74661386 
0.8982158 
0.94742024 
0.9370379 
0.8334889 
0.8034609 
0.960193 
0.85834086 
0.74100745 
0.9141469 
0.8135437 
0.74259007 
0.9407522 
0.9357501 
0.845674 
0.8398631 
0.77595514 
0.90139 
0.9466972 
0.84347504 
0.9438197 
0.9274778 
0.73532593 
0.92004585 
0.89675826 
0.8926286 
0.888075 
0.9503553 
0.9335752 
0.9161901 
0.90779406 
0.8451572 
0.54342693 
0.8936028 
0.005444516 
0.3646643 
0.82752484 
0.9512915 
0.7463357 
0.8876432 
0.94165146 
0.9175972 
0.67751175 
0.8584118 
0.9606923 
0.72761387 
0.9063918 
0.9496682 
0.9316736 
0.8602442 
0.915715 
0.94900775 
0.9186231 
0.87357444 
0.8123961 
0.77705157 
0.9162362 
0.5801641 
0.78313595 
0.896614 
0.9625569 
0.8848961 
0.94148415 
0.9330755 
0.9369963 
0.8633642 
0.9394841 
