0.7238826 
0.5236647 
0.37876153 
0.56417084 
0.6458706 
0.29024813 
0.6306708 
0.33631516 
0.07517963 
0.6941974 
0.71957403 
0.42902943 
0.5446547 
0.6239972 
0.6924666 
0.7308163 
0.45251888 
0.689208 
0.084488004 
0.0 
0.61256045 
0.21313861 
0.46407303 
0.12986636 
0.4757194 
0.5240921 
0.6506174 
0.669742 
0.84783775 
0.40554425 
0.4503674 
0.50230235 
0.3094732 
0.1769478 
0.35015598 
0.6146242 
0.5318997 
0.0 
0.8085564 
0.63377035 
0.36039135 
0.5713197 
0.041365452 
0.41969743 
0.49436322 
0.48047376 
0.2631677 
0.7797707 
0.12222915 
0.74026006 
0.31627834 
0.20675689 
0.56188565 
0.3622924 
0.6779129 
0.12659463 
0.66314304 
0.10986196 
0.7121027 
0.2887369 
0.5383359 
0.20056519 
0.7633429 
0.60943353 
0.60211146 
0.6027735 
0.48531252 
0.74047905 
0.39328915 
