0.8607552 
0.9513666 
0.92533416 
0.7458369 
0.88641286 
0.9257473 
0.8303542 
0.93545353 
0.7308838 
0.93219006 
0.90919673 
0.9349623 
0.8691871 
0.89822286 
0.85171527 
0.88289106 
0.9476342 
0.8806182 
0.8955857 
0.8686028 
0.90751773 
0.8809682 
0.8632183 
0.91436416 
0.9072564 
0.9203402 
0.8842015 
0.881834 
0.85281396 
0.87513554 
0.8737996 
0.8826618 
0.974474 
0.8961689 
0.8832662 
0.86820894 
0.70992327 
0.8686078 
0.9546061 
0.9511124 
0.89936996 
0.79809844 
0.9013797 
0.85854477 
0.8956333 
0.8803179 
0.8369896 
0.8365118 
0.8923288 
0.8581858 
0.90913314 
0.7930496 
0.88973916 
0.826787 
0.8056133 
0.835078 
0.8842023 
0.9211301 
0.9589976 
0.9289014 
0.91575056 
0.9117872 
0.86249053 
0.9246134 
0.9475014 
0.8486866 
0.8940297 
0.93487257 
0.9511789 
0.8406398 
0.90794677 
0.7780889 
0.78968626 
0.88993293 
0.9325769 
0.897061 
0.8423799 
0.95070887 
0.72157896 
0.951063 
0.9426534 
0.9253668 
0.8272278 
0.93680054 
0.9482636 
0.9509614 
0.8504117 
0.8106117 
0.8907522 
0.89368755 
0.8742097 
0.88649535 
0.9430385 
0.92598724 
0.84364474 
0.9277397 
0.96116346 
0.9256654 
0.8883241 
0.95667404 
0.9124124 
0.94055295 
0.8992453 
0.8226079 
0.8253404 
0.93797994 
0.9436629 
0.9045611 
0.72139376 
0.7700212 
0.8798086 
0.727339 
0.90861136 
0.9106839 
0.8397774 
0.51786304 
0.8301159 
0.8051431 
0.9075699 
0.85186887 
0.8156506 
0.86352813 
0.7671852 
0.8547513 
0.9301995 
0.8764557 
0.8738132 
0.85409415 
0.85834986 
0.8668283 
0.89135325 
0.9098427 
0.8430881 
0.66494584 
0.9068022 
0.84283614 
0.872779 
0.8565735 
0.8730508 
0.9382216 
0.7731562 
0.86984503 
0.9076344 
0.891156 
0.92789805 
0.8688993 
0.9008164 
0.85835516 
0.87099844 
0.8619596 
0.71770996 
0.92879677 
0.94704664 
0.86000115 
0.8736998 
0.8634861 
0.5805037 
0.8283301 
0.9014857 
0.8250137 
0.90663576 
0.91937214 
0.88603604 
0.7315896 
0.91474754 
0.786523 
0.8899193 
0.8740437 
0.81937367 
0.9247602 
0.92440104 
0.8838303 
0.87521476 
0.7886775 
0.9083443 
0.81472814 
0.9570748 
0.962133 
0.93330866 
0.89265907 
0.8824518 
0.94109863 
0.9579221 
0.87344056 
0.8837881 
0.8725481 
0.80044794 
0.94608545 
0.9140729 
0.86953574 
0.9292902 
0.8619922 
0.92448187 
0.9098338 
0.87948465 
0.9549548 
0.9241793 
0.71208286 
0.81267494 
0.84604675 
0.930999 
0.7031588 
0.934621 
0.91916627 
0.91000104 
0.8762799 
0.8450328 
0.96145636 
0.91158247 
0.8467866 
0.8285045 
0.925603 
0.84163 
0.957069 
0.95044553 
0.70098656 
0.9032881 
0.84980357 
0.91097695 
0.9502187 
0.8985436 
0.79906136 
0.9363595 
0.88017595 
0.91565585 
0.8611899 
0.91799116 
0.67729527 
0.91202855 
0.8766416 
0.94152176 
0.9424413 
0.9066474 
0.67634755 
0.81869364 
0.01427733 
0.73390555 
0.80122304 
0.92623425 
0.7888135 
0.85162336 
0.8658961 
0.93233633 
0.80765754 
0.935569 
0.952784 
0.8922798 
0.7668393 
0.95274127 
0.9172532 
0.75401604 
0.8551628 
0.89525187 
0.89827305 
0.76551133 
0.84930855 
0.8593248 
0.8466261 
0.7725222 
0.89592814 
0.9077354 
0.9555779 
0.90846235 
0.92185277 
0.9492081 
0.94693017 
0.85350794 
0.93268687 
