0.90766716 
0.9497413 
0.8721733 
0.7931822 
0.7532863 
0.9068288 
0.84031624 
0.1891018 
0.83068466 
0.83220476 
0.81857395 
0.78898627 
0.750096 
0.8149129 
0.8087192 
0.8804822 
0.6226353 
0.7139839 
0.79073143 
0.85728353 
0.8833573 
0.7179163 
0.7797226 
0.9221338 
0.72661823 
0.6474057 
0.5133462 
0.797845 
0.8405748 
0.6614033 
0.7107991 
0.9480996 
0.7026843 
0.74164593 
0.3292912 
0.89655995 
0.74577534 
0.35606024 
0.90410167 
0.89824337 
0.39458203 
0.8480905 
0.4312124 
0.91248 
0.83573335 
0.80214936 
0.7533122 
0.6859114 
0.0058741146 
0.73514134 
0.8594475 
0.7257264 
0.7995449 
0.7727593 
0.89937544 
0.2996016 
0.8482047 
0.23269771 
0.8693668 
0.78836346 
0.6735076 
0.6160545 
0.72999823 
0.66938376 
0.6851845 
0.50683135 
0.9376646 
0.81518996 
0.58243865 
