0.01262708 0.014184675 
0.015322671 0.019330176 
0.021555616 0.017029759 
0.037357252 0.018664725 
0.086432524 0.05380145 
0.018391788 0.0146578 
0.022035174 0.03462212 
0.02306822 0.02673942 
0.040542908 0.01160203 
0.023822874 0.032566823 
0.02152781 0.01630692 
0.038964525 0.016665883 
0.021922614 0.01615755 
0.04614045 0.018610463 
0.029183948 0.0142051475 
0.01099582 0.01683178 
0.029991323 0.043329224 
0.029182095 0.02740937 
0.014524179 0.022590717 
0.07693849 0.030515196 
0.008629654 0.035286885 
0.049459673 0.021556213 
0.027405076 0.018548425 
