0.22910897 
0.10987662 
0.28429744 
-0.01207451 
0.072521396 
0.2030364 
0.13758884 
-0.013187012 
0.31256118 
0.0 
-0.0012903893 
0.38080442 
0.73551023 
-0.028017417 
0.15766135 
0.09043471 
0.16741945 
0.29740652 
-0.02494805 
0.10576388 
-0.071539 
0.107816026 
-0.057514686 
0.1624865 
0.20404977 
-0.005140649 
0.30654055 
-0.0036386414 
0.6458444 
0.25926927 
0.29696923 
0.13883662 
0.09534417 
0.03413156 
0.15261972 
0.14772195 
-0.0044657695 
0.20719658 
0.7574896 
0.34706146 
0.23780319 
0.37009838 
0.12305502 
0.0 
-0.03997486 
-0.03309897 
0.49901167 
0.0 
0.18438274 
-0.026552763 
0.46244153 
0.32383993 
-0.040161785 
0.13075736 
0.08155593 
0.22011176 
0.104779445 
0.2254361 
0.031844612 
0.11485362 
0.53398496 
0.16689686 
0.13731685 
0.028460786 
0.12675045 
0.14480826 
-0.018057194 
0.14668608 
0.06154906 
