0.54847145 
0.4097017 
0.30681476 
0.21179558 
0.5630522 
1.1012945 
0.07925273 
0.046022438 
0.18711558 
0.24308999 
0.35342678 
0.22671476 
0.8127247 
0.27483374 
0.42647246 
0.27420473 
0.55909604 
0.27209228 
0.0512739 
0.14155728 
0.41628504 
0.33536613 
0.10987095 
0.26673535 
0.29663473 
0.15326974 
0.48896116 
0.23648778 
0.76800764 
0.5292143 
0.33733457 
0.013813719 
0.11311436 
0.40643352 
0.28693792 
0.24905846 
0.038027022 
0.5801562 
1.0641652 
0.45827553 
0.15441024 
0.40827966 
0.33061996 
-0.00096618355 
0.050385285 
0.17251319 
0.8829305 
0.256487 
0.6994615 
0.11172634 
0.6949906 
0.12706122 
0.33252868 
0.17273301 
0.17368145 
0.31865823 
0.37336716 
0.13167785 
0.17614384 
0.23001891 
0.6589619 
0.36019439 
0.17802182 
0.2854304 
0.40679544 
0.38873476 
0.17064016 
0.27412763 
0.2453844 
