0.1198003 0.080137596 
0.12385537 0.038708914 
0.115298 0.049260437 
0.17296991 0.04213967 
0.22472498 0.10442935 
0.10620711 0.025497971 
0.10265381 0.036104698 
0.1178957 0.048714254 
0.08595821 0.07415937 
0.21966028 0.052284278 
0.13192682 0.061847635 
0.07483654 0.025355812 
0.099032775 0.03946203 
0.09583434 0.046363447 
0.12974556 0.064881 
0.049812127 0.034905933 
0.2150022 0.11141384 
0.096139856 0.03573679 
0.15894756 0.039215934 
0.0974995 0.063606955 
0.18490659 0.0593159 
0.10691736 0.025340319 
0.13445741 0.066666335 
