0.40194067 
0.041483942 
0.01758647 
0.05741396 
0.019006021 
0.99276865 
0.09587276 
0.07468514 
0.2879369 
0.09478299 
-0.018122662 
0.35312244 
0.29691666 
-0.006712779 
0.82450944 
-0.02058185 
0.64269686 
0.11260272 
-0.038725544 
0.84934497 
0.06351823 
0.83773994 
0.0097416155 
0.34195375 
0.6877857 
-0.04273117 
0.7479946 
-0.0690578 
0.32924628 
0.49650463 
0.057997424 
-0.021020183 
0.02772316 
0.0059546637 
0.17747319 
0.3624194 
-0.003999806 
0.34410578 
0.75176066 
0.58033264 
0.3798376 
0.58405936 
0.23148198 
0.000868284 
-0.00785667 
0.059905272 
0.6691251 
0.018299665 
0.38502398 
-0.044342175 
0.5777257 
0.17161432 
0.016682 
0.13519017 
0.44322014 
0.1796315 
-0.009708009 
0.17970441 
0.3091591 
0.048572287 
0.8562944 
0.20538415 
0.39207488 
0.04184121 
0.21350026 
-0.007819189 
0.06063599 
0.6263603 
0.00844993 
