0.59131694 
0.24302232 
0.17884548 
0.24804886 
0.32912773 
0.20449024 
0.039162945 
0.041651152 
0.15170404 
0.025306767 
0.1458697 
0.35625765 
0.6643543 
-0.03529231 
0.13543348 
0.30156776 
0.16695102 
0.26266947 
0.0 
0.12112518 
-0.034610793 
0.11834795 
-0.017672464 
0.17837544 
0.30596742 
0.028506324 
0.1261837 
-0.033074543 
0.6588768 
0.44344422 
0.29826742 
0.13512954 
0.109415896 
0.4891273 
0.24513437 
0.1979817 
0.080019996 
0.29020685 
0.7775172 
0.17510624 
0.0 
0.18624012 
0.067857146 
0.0091269845 
0.13012324 
0.5134301 
0.49243498 
0.0 
0.44773304 
0.049787868 
0.42728612 
0.2140033 
0.12114572 
0.1530158 
0.19887802 
0.111910015 
0.376141 
0.18251331 
0.09342098 
0.1626148 
0.29876316 
0.21731047 
0.15975802 
0.06361978 
0.27045846 
0.39708966 
0.13659367 
0.14034048 
0.15073745 
