0.16348347 
0.19033499 
0.2675149 
0.4150184 
0.21867901 
0.09633527 
0.33453166 
0.07708925 
0.21921998 
0.579293 
0.11056186 
0.30191854 
0.15099065 
0.124622665 
0.20224848 
0.11938185 
0.3193969 
0.11090358 
0.26814532 
0.10578399 
0.065019004 
0.14289363 
0.12797473 
0.09954019 
0.10770122 
0.29190493 
0.24025239 
0.30822346 
0.10219235 
0.2719099 
0.30577725 
0.25190458 
0.063630804 
0.12782514 
0.046197347 
0.17901315 
0.1067043 
0.09330878 
0.061943058 
0.1865531 
0.1324922 
0.14664863 
0.54941136 
0.24006252 
0.43677416 
0.2926517 
0.06616949 
0.18269603 
0.12892178 
0.13336602 
0.41094184 
0.1478477 
0.40429956 
0.19091043 
0.25767455 
0.21814042 
0.5422492 
0.17316137 
0.17973275 
0.2189653 
0.09587121 
0.22143891 
0.10187776 
0.8572357 
0.21142422 
0.230654 
0.09380879 
0.07632546 
0.054927923 
0.15404728 
0.10798354 
0.11092612 
0.060595617 
0.097170755 
0.16536315 
0.30895486 
0.15468797 
0.10603973 
0.101356335 
0.14698088 
0.42872867 
0.25312397 
0.071160324 
0.18170084 
0.12975912 
0.09983038 
0.08828339 
0.08759342 
0.14657669 
0.39731872 
0.13158241 
0.3261945 
0.17178638 
0.08298202 
0.11548674 
0.29178324 
0.08316636 
0.16172685 
0.24330048 
0.19498822 
0.10109803 
0.41278636 
0.13780251 
0.1739307 
0.17211062 
0.2827501 
0.06849618 
0.26382095 
0.18031584 
0.045642886 
0.11489276 
0.24352844 
0.2848729 
0.111099295 
0.19080104 
0.14593644 
0.11349374 
0.12025155 
0.14151892 
0.10910993 
0.26960173 
0.049849678 
0.1396622 
0.09143439 
0.25210384 
0.25949362 
0.09060581 
0.14081068 
0.22069447 
0.0900869 
0.2637876 
0.18381801 
0.3098062 
0.41464683 
0.05867487 
0.07260384 
0.07172629 
0.07375773 
0.28090757 
0.2239987 
0.09014924 
0.17312963 
0.18157901 
0.102495514 
0.3553435 
0.25593108 
0.14191434 
0.25083277 
0.13249831 
0.1833394 
0.21154766 
0.088073954 
0.072329804 
0.32172406 
0.06466675 
0.24826618 
0.23235385 
0.25995094 
0.12102924 
0.11190085 
0.23686695 
0.25354904 
0.23577206 
0.050381176 
0.16806038 
0.09197713 
0.06411355 
0.11956752 
0.03744651 
0.101570435 
0.20204951 
0.25906432 
0.08799793 
0.22598752 
0.154642 
0.14715016 
0.24225229 
0.20034666 
0.33407724 
0.06342931 
0.15652275 
0.21149391 
0.41871366 
0.12240103 
0.7515435 
0.100581594 
0.06757432 
0.13656017 
0.09226144 
0.19592541 
0.16662945 
0.09655957 
0.10484005 
0.43273908 
0.31742653 
0.04020039 
0.15062943 
0.13299061 
0.105377726 
0.2828079 
0.17806253 
0.12595555 
0.059492644 
0.24228875 
0.07954209 
0.2418722 
0.11948365 
0.7191692 
0.25535 
0.32134533 
0.13923006 
0.20796317 
0.19279072 
0.2801893 
0.13979985 
0.23511867 
0.39093244 
0.05243842 
0.08845146 
0.08860483 
0.108581945 
0.15926963 
0.28513235 
0.15345968 
0.32234603 
0.16595758 
0.12081864 
0.06675103 
0.25476453 
0.18801183 
0.28098956 
0.17658865 
0.10662184 
0.41865858 
0.13063759 
0.2422687 
0.15848233 
0.36607227 
0.33202893 
0.08855207 
0.14428526 
0.29973835 
0.15114368 
0.14256272 
0.076951064 
0.2667714 
0.2666737 
0.12273337 
0.29523107 
0.05908211 
0.21914364 
0.182226 
0.16765262 
0.24708174 
0.12580207 
0.21030407 
0.13955118 
0.08430313 
0.21832965 
0.47043565 
0.505937 
0.117526464 
0.11920893 
0.1558148 
0.11054793 
0.22780524 
0.2407302 
0.16109295 
