0.030702189 0.019069463 
0.03086311 0.019365437 
0.017061502 0.015955718 
0.039885834 0.01943326 
0.02962603 0.04624056 
0.015928034 0.011127343 
0.022044897 0.027954744 
0.04073573 0.026826387 
0.0134732 0.01562996 
0.023029057 0.028767737 
0.011949578 0.016474824 
0.034285672 0.01487474 
0.010060548 0.014324777 
0.026241286 0.015143329 
0.014831122 0.01136095 
0.0051711043 0.012896686 
0.049016397 0.04671595 
0.019644836 0.026446288 
0.017752599 0.025998509 
0.046350103 0.024554797 
0.025074983 0.025527798 
0.03915812 0.014079004 
0.027840309 0.013897963 
