0.2487351 
0.43953785 
0.030667113 
0.45923918 
0.27894053 
0.2725914 
0.064912006 
0.1818105 
0.1332694 
0.44001326 
0.33681813 
0.09843347 
0.8414231 
0.2334959 
0.1221202 
0.27285832 
0.060026202 
0.25722346 
0.0736209 
0.13777561 
-0.029071478 
0.15998352 
0.28112757 
0.18975861 
0.18882707 
0.22467393 
0.40725315 
0.14102472 
0.6989119 
0.27728876 
0.3274752 
0.30761886 
0.08808937 
0.5105109 
0.22814895 
0.0924073 
0.07886902 
0.3100046 
0.7796474 
0.34500507 
0.06439014 
0.24091734 
0.307929 
0.10903037 
0.02460034 
0.21998644 
0.55276436 
0.15539926 
0.03442384 
0.1687649 
0.4615441 
0.15567516 
0.1774553 
0.081323855 
0.23066339 
0.3206132 
0.12619272 
0.0092407465 
0.16135067 
0.13074371 
0.32575703 
0.5660959 
0.18476686 
0.20673853 
0.1787873 
0.3233487 
0.31232813 
0.11456707 
0.2627183 
