0.23299262 0.0918038 
0.21060015 0.06365543 
0.22453278 0.06470713 
0.19727503 0.07143051 
0.20571436 0.09515706 
0.18950923 0.06369677 
0.14655113 0.05446923 
0.19394504 0.04914189 
0.13534458 0.0901774 
0.25295502 0.050018996 
0.1845077 0.07722385 
0.13754345 0.058790967 
0.22245224 0.083539784 
0.2474834 0.050042707 
0.18970154 0.083800636 
0.13502993 0.04727578 
0.2729024 0.10941883 
0.18030125 0.05260261 
0.19562948 0.070998564 
0.20470919 0.10526147 
0.23464052 0.058154322 
0.19496629 0.035371833 
0.24166472 0.09393792 
