0.12556587 
0.40615374 
0.12978876 
0.50102216 
0.25418916 
0.15678631 
0.24914654 
0.37918386 
0.72707283 
0.13480587 
0.11852618 
0.42011756 
0.2508175 
0.1277345 
0.36676827 
0.2720634 
0.4751805 
0.22070412 
0.4116175 
0.20435216 
0.06603455 
0.33795288 
0.18341406 
0.24922357 
0.15175605 
0.1074191 
0.42525423 
0.30125326 
0.28076708 
0.10858733 
0.4302458 
0.1680662 
0.15857506 
0.18603241 
0.2612885 
0.15578231 
0.22681497 
0.31231967 
0.23721997 
0.34067085 
0.28656566 
0.30904552 
0.71530074 
0.4169531 
0.3546115 
0.42477688 
0.12217008 
0.32370105 
0.32511225 
0.18767531 
0.6322207 
0.16480525 
0.15291826 
0.3137945 
0.5446486 
0.086173594 
0.786603 
0.06891296 
0.18581235 
0.0879422 
0.07686036 
0.096010774 
0.41182858 
1.0445824 
0.17788647 
0.35359073 
0.12358989 
0.13335787 
0.22762638 
0.31003067 
0.2042461 
0.10204368 
0.10537425 
0.1740758 
0.20064743 
0.24655016 
0.1734542 
0.23870857 
0.11501838 
0.16565403 
0.8409014 
0.22788016 
0.11871568 
0.1614937 
0.18167588 
0.23928918 
0.12573527 
0.09134042 
0.2616968 
0.45297912 
0.35578507 
0.20241648 
0.33612475 
0.10018538 
0.19403668 
0.2889761 
0.3373587 
0.23487158 
0.14608298 
0.11950901 
0.48408344 
0.4419527 
0.25254035 
0.44291443 
0.2531419 
0.5779169 
0.32786506 
0.29176828 
0.13315558 
0.13151294 
0.2965272 
0.5529476 
0.23875405 
0.18961322 
0.16235572 
0.20308663 
0.09863991 
0.1101129 
0.14927515 
0.13345224 
0.50051266 
0.21538806 
0.12057551 
0.13033842 
0.17222919 
0.18023536 
0.23302418 
0.33351016 
0.078421555 
0.09969179 
0.22903295 
0.339535 
0.18224677 
0.3654443 
0.07893019 
0.14727263 
0.19541036 
0.28300607 
0.14823952 
0.30083406 
0.14564939 
0.09808191 
0.31731147 
0.12797815 
0.708824 
0.31075937 
0.13395056 
0.56600887 
0.15474483 
0.7454923 
0.33169192 
0.12854345 
0.19567852 
0.0845586 
0.24612235 
0.32410175 
0.2367118 
0.32040495 
0.23812526 
0.039890457 
0.49410728 
0.45081225 
0.16103593 
0.28924778 
0.20705432 
0.2077944 
0.19757555 
0.37674397 
0.07871995 
0.25269896 
0.186778 
0.22713111 
0.17591399 
0.35922614 
0.258874 
0.16461906 
0.32731694 
0.13101602 
0.25875938 
0.13067788 
0.10635615 
0.38480613 
0.74744946 
0.3294864 
0.6925827 
0.31647316 
0.061589625 
0.2577807 
0.23183775 
0.12105329 
0.1725357 
0.13287039 
0.26008654 
0.4551726 
0.4389777 
0.17116223 
0.30335477 
0.21010956 
0.079069845 
0.28996077 
0.22429147 
0.24773186 
0.28914458 
0.37402704 
0.14596543 
0.309927 
0.22726153 
0.43706474 
0.28759503 
0.324384 
0.3414738 
0.26213998 
0.11430882 
0.09247369 
0.1533027 
0.07453541 
0.21800944 
0.32279047 
0.10384394 
0.15456907 
0.08304935 
0.124196626 
0.66701055 
0.068053186 
0.27705228 
0.13383597 
0.240952 
0.20880313 
0.120718114 
0.27691776 
0.26699987 
0.20144942 
0.34641707 
0.47387397 
0.16671118 
0.21509552 
0.28751913 
0.19254592 
0.21175745 
0.117428206 
0.43516183 
0.18339822 
0.15122364 
0.030820044 
0.08595147 
0.104562335 
0.2745819 
0.27852032 
0.122525096 
0.25920367 
0.55182844 
0.2532859 
0.16065536 
0.48435467 
0.31330594 
0.25724286 
0.1064354 
0.21681266 
0.26322603 
0.49305922 
0.3171979 
0.26354697 
0.23130976 
0.28899583 
0.37456197 
0.28619444 
0.18284546 
0.390665 
