0.1892863 
0.060844664 
0.3952583 
0.10785933 
0.4206439 
0.2311846 
0.33002445 
0.022899136 
0.24450137 
0.36870602 
0.36510935 
0.41162682 
0.20039977 
0.33530346 
0.19373839 
0.19837888 
0.16023004 
0.4375687 
0.20363793 
0.24298178 
0.46953118 
0.11613234 
0.025034742 
0.006055885 
0.064512245 
0.25436705 
-0.0042570573 
0.17258705 
0.13406438 
0.19604851 
-0.03324132 
0.21120837 
0.089449614 
0.12877014 
0.01676151 
0.29284325 
0.031372845 
0.0061380253 
0.060784686 
0.16124837 
0.04825304 
0.09630265 
0.48883715 
0.14689071 
0.25994596 
0.21390317 
0.32532102 
0.15287295 
0.06249464 
0.1385836 
0.26268545 
0.11126286 
0.27196184 
0.008161464 
0.043940257 
0.22682801 
0.3647547 
0.3293733 
0.23768914 
0.47246504 
0.087145664 
0.31013635 
-0.0064017433 
0.7381049 
0.4976359 
0.37410915 
0.27891752 
0.38356155 
0.052692953 
0.34550577 
0.31978095 
0.20415168 
0.28535607 
0.46529254 
0.24855827 
0.2915519 
0.163418 
0.13372952 
0.0879466 
0.1248776 
0.060600374 
0.1549909 
0.36396617 
0.13269408 
0.12791765 
0.08106852 
0.46305624 
0.3131756 
0.09616806 
0.15039094 
0.27277595 
0.3047639 
0.057105917 
0.39902058 
0.1833283 
0.0055517964 
0.04852871 
0.30786034 
0.21280211 
0.20006002 
0.023450345 
0.06525078 
0.02411399 
-0.080045074 
0.10455717 
0.03115738 
0.0724585 
0.5397091 
0.102501154 
0.28428906 
0.11976229 
0.030939948 
0.25679094 
0.45558798 
0.2801034 
0.041023087 
0.36264238 
0.26564345 
0.1586606 
0.10061094 
0.25509092 
0.17406593 
0.3701554 
0.45859176 
0.36884478 
0.14111336 
0.18718097 
0.08710486 
0.500476 
0.54070836 
0.21739058 
0.01013542 
0.43968853 
0.52273154 
0.07318056 
0.30083764 
0.09920412 
0.13264558 
0.28011438 
0.1470489 
0.20851117 
0.12075109 
0.52275527 
0.073278956 
0.14157212 
0.06440905 
0.11389221 
0.21038266 
0.302234 
0.30070204 
0.05094688 
0.31212464 
0.08714457 
0.23775451 
0.27442 
0.0667279 
0.07212396 
0.23454565 
0.104376115 
0.11451006 
0.014421584 
0.016511679 
0.2310383 
0.0341683 
0.097328104 
0.5656293 
0.41747022 
0.030708902 
0.49155328 
0.17616168 
0.37854183 
0.1748255 
0.3318749 
0.023717245 
0.0182372 
0.44207087 
0.08897979 
0.35896245 
0.17920214 
0.40296254 
0.35467428 
0.38446054 
0.27229783 
0.06903476 
0.46724764 
0.29989564 
0.53981364 
0.40646026 
0.33707058 
0.25977594 
0.08827295 
0.30220437 
0.017408118 
0.22092474 
0.24589932 
0.011200279 
0.12728341 
0.3732279 
0.23826542 
0.30111703 
0.49813923 
0.020589959 
-0.023060491 
0.27523512 
0.2822287 
0.07840891 
0.032829218 
0.4689954 
0.45214897 
0.3466497 
0.023487661 
0.08014418 
0.31552106 
0.33051243 
0.092535675 
0.24134617 
0.3342022 
0.050096594 
0.5731365 
0.16900048 
0.3146264 
0.22361138 
0.1313932 
0.38247898 
0.16570441 
0.024054674 
0.14938101 
0.14965847 
0.4563136 
0.19317229 
0.13918474 
0.14621653 
0.15812857 
0.50821435 
0.12031676 
0.2710022 
0.29695192 
0.21757647 
0.2641529 
0.4643414 
0.19017729 
0.12008673 
0.37392244 
0.34572113 
0.44487217 
0.22238705 
0.3652664 
0.34713957 
0.17037448 
-0.043584052 
0.021840153 
0.08996779 
0.36749998 
0.26890406 
0.2014037 
0.46204403 
0.30968827 
0.3291555 
0.27443695 
0.18572049 
0.2589977 
0.09404795 
0.02777039 
-0.006432086 
0.07250305 
0.11887973 
0.33831 
0.32014707 
