0.027505845 0.023433203 
0.038440555 0.018625868 
0.01982016 0.017437559 
0.04217071 0.0120747695 
0.11070042 0.074503936 
0.017540682 0.014490594 
0.023377128 0.05086066 
0.018485114 0.022880383 
0.018250817 0.01139937 
0.022479534 0.034648996 
0.021451104 0.01802125 
0.03649143 0.014500272 
0.009958278 0.013113022 
0.057442393 0.021121386 
0.03525526 0.012934871 
0.007839714 0.019851973 
0.059922166 0.048712302 
0.020583501 0.027713837 
0.016839478 0.020263292 
0.08984391 0.027387122 
0.040863972 0.036557596 
0.020078797 0.030494748 
0.02819189 0.018861987 
