0.05771452 0.025087649 
0.03731 0.015047236 
0.008806822 0.013267555 
0.030297881 0.016783606 
0.04069831 0.06943789 
0.007206181 0.011383908 
0.02200039 0.042824898 
0.018279022 0.026082885 
0.0041590957 0.011850675 
0.034934785 0.0301656 
0.018411027 0.020564113 
0.018728783 0.01151822 
0.012503311 0.015459529 
0.020004071 0.014680346 
0.03396171 0.011595059 
0.021450577 0.016082231 
0.06167111 0.04673575 
0.014370738 0.028906414 
0.028756203 0.022734012 
0.06967742 0.0173061 
0.06227969 0.030887367 
0.018966822 0.022206845 
0.056710556 0.02860717 
